{
    "Lights": [],
    "Objects": [
        {
            "Components": [
                {
                    "Type": "Transform",
                    "matrix": [
                        1.0,
                        0.0,
                        0.0,
                        0.0,
                        0.0,
                        1.0,
                        0.0,
                        0.0,
                        0.0,
                        0.0,
                        1.0,
                        0.0,
                        9.638602256774902,
                        3.0,
                        1.4573537111282349,
                        1.0
                    ]
                }
            ],
            "ID": 0,
            "Name": "Player"
        },
        {
            "Components": [
                {
                    "Type": "Transform",
                    "matrix": [
                        1.0,
                        0.0,
                        0.0,
                        0.0,
                        0.0,
                        1.0,
                        0.0,
                        0.0,
                        0.0,
                        0.0,
                        1.0,
                        0.0,
                        18.920000076293945,
                        0.0,
                        -8.579999923706055,
                        1.0
                    ]
                }
            ],
            "ID": 1,
            "Name": "LectureTheatreEmpty"
        },
        {
            "Components": [
                {
                    "Type": "Transform",
                    "matrix": [
                        1.0,
                        0.0,
                        0.0,
                        0.0,
                        0.0,
                        1.0,
                        0.0,
                        0.0,
                        0.0,
                        0.0,
                        1.0,
                        0.0,
                        12.375,
                        0.46000000834465027,
                        -3.799999952316284,
                        1.0
                    ]
                }
            ],
            "ID": 2,
            "Name": "Desk"
        },
        {
            "Components": [
                {
                    "Type": "Transform",
                    "matrix": [
                        0.9999669790267944,
                        0.0012433629017323256,
                        0.0033386575523763895,
                        0.0,
                        -0.0012481646845117211,
                        0.9999715089797974,
                        0.0014365056995302439,
                        0.0,
                        -0.0033368708100169897,
                        -0.0014406663831323385,
                        0.9999683499336243,
                        0.0,
                        12.793488502502441,
                        0.9498242139816284,
                        -4.309737682342529,
                        1.0
                    ]
                }
            ],
            "ID": 3,
            "Name": "Laptop 1"
        },
        {
            "Components": [
                {
                    "Type": "Transform",
                    "matrix": [
                        0.9999767541885376,
                        0.0012992661213502288,
                        -0.0011796351755037904,
                        0.0,
                        -0.0013005129294469953,
                        0.9999715089797974,
                        -0.0010626519797369838,
                        0.0,
                        0.0011782513465732336,
                        0.0010641887784004211,
                        0.9999757409095764,
                        0.0,
                        12.397878646850586,
                        0.9498152136802673,
                        -4.301558494567871,
                        1.0
                    ]
                }
            ],
            "ID": 4,
            "Name": "Laptop 2"
        },
        {
            "Components": [
                {
                    "Type": "Transform",
                    "matrix": [
                        0.8657689690589905,
                        -0.0009703623363748193,
                        -0.500493049621582,
                        0.0,
                        0.0011981854913756251,
                        0.9999784231185913,
                        0.0001338886795565486,
                        0.0,
                        0.5004913210868835,
                        -0.0007156133069656789,
                        0.8657673001289368,
                        0.0,
                        8.0,
                        0.4990023076534271,
                        -6.5,
                        1.0
                    ]
                }
            ],
            "ID": 5,
            "Name": "Chair 1"
        },
        {
            "Components": [
                {
                    "Type": "Transform",
                    "matrix": [
                        0.8657870888710022,
                        0.001188704394735396,
                        -0.5004628896713257,
                        0.0,
                        -0.00046626687981188297,
                        0.9999756813049316,
                        0.0015685232356190681,
                        0.0,
                        0.5004603266716003,
                        -0.0011246752692386508,
                        0.8657799959182739,
                        0.0,
                        8.399999618530273,
                        0.5006279349327087,
                        -5.800000190734863,
                        1.0
                    ]
                }
            ],
            "ID": 6,
            "Name": "Chair 2"
        },
        {
            "Components": [
                {
                    "Type": "Transform",
                    "matrix": [
                        0.8658062815666199,
                        0.0001876268652267754,
                        -0.5004374384880066,
                        0.0,
                        -0.00022333368542604148,
                        0.9999756813049316,
                        -1.1472759979369584e-05,
                        0.0,
                        0.5004329085350037,
                        0.00012169958063168451,
                        0.8657984733581543,
                        0.0,
                        8.800000190734863,
                        0.49919214844703674,
                        -5.099999904632568,
                        1.0
                    ]
                }
            ],
            "ID": 7,
            "Name": "Chair 3"
        },
        {
            "Components": [
                {
                    "Type": "Transform",
                    "matrix": [
                        0.8658059239387512,
                        0.0014433994656428695,
                        -0.500436007976532,
                        0.0,
                        -0.001013274071738124,
                        0.9999753832817078,
                        0.0011311443522572517,
                        0.0,
                        0.5004330277442932,
                        -0.0004722799058072269,
                        0.8657993674278259,
                        0.0,
                        9.199999809265137,
                        0.49985337257385254,
                        -4.400000095367432,
                        1.0
                    ]
                }
            ],
            "ID": 8,
            "Name": "Chair 4"
        },
        {
            "Components": [
                {
                    "Type": "Transform",
                    "matrix": [
                        -0.865149199962616,
                        0.0015968427760526538,
                        -0.5024980306625366,
                        0.0,
                        0.001286346116103232,
                        0.9999731779098511,
                        0.0009630259592086077,
                        0.0,
                        0.5024976134300232,
                        0.0001867790415417403,
                        -0.8651480078697205,
                        0.0,
                        17.799999237060547,
                        0.49970778822898865,
                        -6.5,
                        1.0
                    ]
                }
            ],
            "ID": 9,
            "Name": "Chair 5"
        },
        {
            "Components": [
                {
                    "Type": "Transform",
                    "matrix": [
                        -0.8656144142150879,
                        0.00044764953781850636,
                        -0.5016859769821167,
                        0.0,
                        0.0006943452754057944,
                        0.9999757409095764,
                        -0.0003057618159800768,
                        0.0,
                        0.5016822814941406,
                        -0.000613025447819382,
                        -0.8656083941459656,
                        0.0,
                        17.399999618530273,
                        0.4996384084224701,
                        -5.800000190734863,
                        1.0
                    ]
                }
            ],
            "ID": 10,
            "Name": "Chair 6"
        },
        {
            "Components": [
                {
                    "Type": "Transform",
                    "matrix": [
                        1.0,
                        0.0,
                        0.0,
                        0.0,
                        0.0,
                        1.0,
                        0.0,
                        0.0,
                        0.0,
                        0.0,
                        1.0,
                        0.0,
                        15.0,
                        0.0,
                        -15.0,
                        1.0
                    ]
                }
            ],
            "ID": 11,
            "Name": "Default Object"
        },
        {
            "Components": [
                {
                    "Type": "Transform",
                    "matrix": [
                        1.0,
                        0.0,
                        0.0,
                        0.0,
                        0.0,
                        1.0,
                        0.0,
                        0.0,
                        0.0,
                        0.0,
                        1.0,
                        0.0,
                        13.125,
                        0.30000001192092896,
                        -4.25,
                        1.0
                    ]
                }
            ],
            "ID": 12,
            "Name": "Default Object"
        },
        {
            "Components": [
                {
                    "Type": "Transform",
                    "matrix": [
                        0.9994040131568909,
                        -0.032534051686525345,
                        -0.011526010930538177,
                        0.0,
                        0.03451348468661308,
                        0.9449716210365295,
                        0.3252784013748169,
                        0.0,
                        0.0003091277612838894,
                        -0.32548248767852783,
                        0.9455317258834839,
                        0.0,
                        9.75,
                        0.25,
                        -10.0,
                        1.0
                    ]
                }
            ],
            "ID": 13,
            "Name": "Default Object"
        },
        {
            "Components": [
                {
                    "Type": "Transform",
                    "matrix": [
                        0.8658379912376404,
                        0.0,
                        -0.5003880262374878,
                        0.0,
                        0.0,
                        1.0,
                        0.0,
                        0.0,
                        0.5003880262374878,
                        0.0,
                        0.8658379912376404,
                        0.0,
                        7.0,
                        0.25,
                        -6.5,
                        1.0
                    ]
                }
            ],
            "ID": 14,
            "Name": "Default Object"
        },
        {
            "Components": [
                {
                    "Type": "Transform",
                    "matrix": [
                        0.8658379912376404,
                        0.0,
                        0.5003880262374878,
                        0.0,
                        0.0,
                        1.0,
                        0.0,
                        0.0,
                        -0.5003880262374878,
                        0.0,
                        0.8658379912376404,
                        0.0,
                        18.5,
                        0.25,
                        -6.5,
                        1.0
                    ]
                }
            ],
            "ID": 15,
            "Name": "Default Object"
        },
        {
            "Components": [
                {
                    "Type": "Transform",
                    "matrix": [
                        1.0,
                        0.0,
                        0.0,
                        0.0,
                        0.0,
                        1.0,
                        0.0,
                        0.0,
                        0.0,
                        0.0,
                        1.0,
                        0.0,
                        12.0,
                        0.25,
                        -1.774999976158142,
                        1.0
                    ]
                }
            ],
            "ID": 16,
            "Name": "Default Object"
        },
        {
            "Components": [
                {
                    "Type": "Transform",
                    "matrix": [
                        1.0,
                        0.0,
                        0.0,
                        0.0,
                        0.0,
                        1.0,
                        0.0,
                        0.0,
                        0.0,
                        0.0,
                        1.0,
                        0.0,
                        13.125,
                        0.10000000149011612,
                        -8.75,
                        1.0
                    ]
                }
            ],
            "ID": 17,
            "Name": "Default Object"
        },
        {
            "Components": [
                {
                    "Type": "Transform",
                    "matrix": [
                        1.0,
                        0.0,
                        0.0,
                        0.0,
                        0.0,
                        1.0,
                        0.0,
                        0.0,
                        0.0,
                        0.0,
                        1.0,
                        0.0,
                        13.125,
                        0.41999998688697815,
                        -9.75,
                        1.0
                    ]
                }
            ],
            "ID": 18,
            "Name": "Default Object"
        },
        {
            "Components": [
                {
                    "Type": "Transform",
                    "matrix": [
                        1.0,
                        0.0,
                        0.0,
                        0.0,
                        0.0,
                        1.0,
                        0.0,
                        0.0,
                        0.0,
                        0.0,
                        1.0,
                        0.0,
                        13.125,
                        0.7400000095367432,
                        -10.75,
                        1.0
                    ]
                }
            ],
            "ID": 19,
            "Name": "Default Object"
        },
        {
            "Components": [
                {
                    "Type": "Transform",
                    "matrix": [
                        1.0,
                        0.0,
                        0.0,
                        0.0,
                        0.0,
                        1.0,
                        0.0,
                        0.0,
                        0.0,
                        0.0,
                        1.0,
                        0.0,
                        13.125,
                        1.059999942779541,
                        -11.75,
                        1.0
                    ]
                }
            ],
            "ID": 20,
            "Name": "Default Object"
        },
        {
            "Components": [
                {
                    "Type": "Transform",
                    "matrix": [
                        1.0,
                        0.0,
                        0.0,
                        0.0,
                        0.0,
                        1.0,
                        0.0,
                        0.0,
                        0.0,
                        0.0,
                        1.0,
                        0.0,
                        13.125,
                        1.3799999952316284,
                        -12.75,
                        1.0
                    ]
                }
            ],
            "ID": 21,
            "Name": "Default Object"
        },
        {
            "Components": [
                {
                    "Type": "Transform",
                    "matrix": [
                        1.0,
                        0.0,
                        0.0,
                        0.0,
                        0.0,
                        1.0,
                        0.0,
                        0.0,
                        0.0,
                        0.0,
                        1.0,
                        0.0,
                        13.125,
                        1.7000000476837158,
                        -13.75,
                        1.0
                    ]
                }
            ],
            "ID": 22,
            "Name": "Default Object"
        },
        {
            "Components": [
                {
                    "Type": "Transform",
                    "matrix": [
                        1.0,
                        0.0,
                        0.0,
                        0.0,
                        0.0,
                        1.0,
                        0.0,
                        0.0,
                        0.0,
                        0.0,
                        1.0,
                        0.0,
                        13.125,
                        2.0199999809265137,
                        -14.75,
                        1.0
                    ]
                }
            ],
            "ID": 23,
            "Name": "Default Object"
        },
        {
            "Components": [
                {
                    "Type": "Transform",
                    "matrix": [
                        1.0,
                        0.0,
                        0.0,
                        0.0,
                        0.0,
                        1.0,
                        0.0,
                        0.0,
                        0.0,
                        0.0,
                        1.0,
                        0.0,
                        13.125,
                        2.3399999141693115,
                        -15.75,
                        1.0
                    ]
                }
            ],
            "ID": 24,
            "Name": "Default Object"
        },
        {
            "Components": [
                {
                    "Type": "Transform",
                    "matrix": [
                        1.0,
                        0.0,
                        0.0,
                        0.0,
                        0.0,
                        1.0,
                        0.0,
                        0.0,
                        0.0,
                        0.0,
                        1.0,
                        0.0,
                        13.125,
                        2.6599998474121094,
                        -16.75,
                        1.0
                    ]
                }
            ],
            "ID": 25,
            "Name": "Default Object"
        },
        {
            "Components": [
                {
                    "Type": "Transform",
                    "matrix": [
                        1.0,
                        0.0,
                        0.0,
                        0.0,
                        0.0,
                        1.0,
                        0.0,
                        0.0,
                        0.0,
                        0.0,
                        1.0,
                        0.0,
                        13.125,
                        2.9800000190734863,
                        -17.75,
                        1.0
                    ]
                }
            ],
            "ID": 26,
            "Name": "Default Object"
        },
        {
            "Components": [
                {
                    "Type": "Transform",
                    "matrix": [
                        1.0,
                        0.0,
                        0.0,
                        0.0,
                        0.0,
                        1.0,
                        0.0,
                        0.0,
                        0.0,
                        0.0,
                        1.0,
                        0.0,
                        13.125,
                        3.299999952316284,
                        -18.75,
                        1.0
                    ]
                }
            ],
            "ID": 27,
            "Name": "Default Object"
        },
        {
            "Components": [
                {
                    "Type": "Transform",
                    "matrix": [
                        1.0,
                        0.0,
                        0.0,
                        0.0,
                        0.0,
                        1.0,
                        0.0,
                        0.0,
                        0.0,
                        0.0,
                        1.0,
                        0.0,
                        13.125,
                        3.619999885559082,
                        -19.75,
                        1.0
                    ]
                }
            ],
            "ID": 28,
            "Name": "Default Object"
        },
        {
            "Components": [
                {
                    "Type": "Transform",
                    "matrix": [
                        1.0,
                        0.0,
                        0.0,
                        0.0,
                        0.0,
                        1.0,
                        0.0,
                        0.0,
                        0.0,
                        0.0,
                        1.0,
                        0.0,
                        13.125,
                        3.93999981880188,
                        -20.75,
                        1.0
                    ]
                }
            ],
            "ID": 29,
            "Name": "Default Object"
        },
        {
            "Components": [
                {
                    "Type": "Transform",
                    "matrix": [
                        1.0,
                        0.0,
                        0.0,
                        0.0,
                        0.0,
                        1.0,
                        0.0,
                        0.0,
                        0.0,
                        0.0,
                        1.0,
                        0.0,
                        13.125,
                        4.259999752044678,
                        -21.75,
                        1.0
                    ]
                }
            ],
            "ID": 30,
            "Name": "Default Object"
        },
        {
            "Components": [
                {
                    "Type": "Transform",
                    "matrix": [
                        0.9656780362129211,
                        0.0,
                        -0.25964224338531494,
                        0.0,
                        0.0,
                        1.0,
                        0.0,
                        0.0,
                        0.25964224338531494,
                        0.0,
                        0.9656780362129211,
                        0.0,
                        8.0,
                        0.10000000149011612,
                        -7.75,
                        1.0
                    ]
                }
            ],
            "ID": 31,
            "Name": "Default Object"
        },
        {
            "Components": [
                {
                    "Type": "Transform",
                    "matrix": [
                        0.9656780362129211,
                        0.0,
                        -0.25964224338531494,
                        0.0,
                        0.0,
                        1.0,
                        0.0,
                        0.0,
                        0.25964224338531494,
                        0.0,
                        0.9656780362129211,
                        0.0,
                        7.699999809265137,
                        0.41999998688697815,
                        -8.75,
                        1.0
                    ]
                }
            ],
            "ID": 32,
            "Name": "Default Object"
        },
        {
            "Components": [
                {
                    "Type": "Transform",
                    "matrix": [
                        0.9656780362129211,
                        0.0,
                        -0.25964224338531494,
                        0.0,
                        0.0,
                        1.0,
                        0.0,
                        0.0,
                        0.25964224338531494,
                        0.0,
                        0.9656780362129211,
                        0.0,
                        7.400000095367432,
                        0.7400000095367432,
                        -9.75,
                        1.0
                    ]
                }
            ],
            "ID": 33,
            "Name": "Default Object"
        },
        {
            "Components": [
                {
                    "Type": "Transform",
                    "matrix": [
                        0.9656780362129211,
                        0.0,
                        -0.25964224338531494,
                        0.0,
                        0.0,
                        1.0,
                        0.0,
                        0.0,
                        0.25964224338531494,
                        0.0,
                        0.9656780362129211,
                        0.0,
                        7.099999904632568,
                        1.059999942779541,
                        -10.75,
                        1.0
                    ]
                }
            ],
            "ID": 34,
            "Name": "Default Object"
        },
        {
            "Components": [
                {
                    "Type": "Transform",
                    "matrix": [
                        0.9656780362129211,
                        0.0,
                        -0.25964224338531494,
                        0.0,
                        0.0,
                        1.0,
                        0.0,
                        0.0,
                        0.25964224338531494,
                        0.0,
                        0.9656780362129211,
                        0.0,
                        6.800000190734863,
                        1.3799999952316284,
                        -11.75,
                        1.0
                    ]
                }
            ],
            "ID": 35,
            "Name": "Default Object"
        },
        {
            "Components": [
                {
                    "Type": "Transform",
                    "matrix": [
                        0.9656780362129211,
                        0.0,
                        -0.25964224338531494,
                        0.0,
                        0.0,
                        1.0,
                        0.0,
                        0.0,
                        0.25964224338531494,
                        0.0,
                        0.9656780362129211,
                        0.0,
                        6.5,
                        1.7000000476837158,
                        -12.75,
                        1.0
                    ]
                }
            ],
            "ID": 36,
            "Name": "Default Object"
        },
        {
            "Components": [
                {
                    "Type": "Transform",
                    "matrix": [
                        0.9656780362129211,
                        0.0,
                        -0.25964224338531494,
                        0.0,
                        0.0,
                        1.0,
                        0.0,
                        0.0,
                        0.25964224338531494,
                        0.0,
                        0.9656780362129211,
                        0.0,
                        6.199999809265137,
                        2.0199999809265137,
                        -13.75,
                        1.0
                    ]
                }
            ],
            "ID": 37,
            "Name": "Default Object"
        },
        {
            "Components": [
                {
                    "Type": "Transform",
                    "matrix": [
                        0.9656780362129211,
                        0.0,
                        -0.25964224338531494,
                        0.0,
                        0.0,
                        1.0,
                        0.0,
                        0.0,
                        0.25964224338531494,
                        0.0,
                        0.9656780362129211,
                        0.0,
                        5.900000095367432,
                        2.3399999141693115,
                        -14.75,
                        1.0
                    ]
                }
            ],
            "ID": 38,
            "Name": "Default Object"
        },
        {
            "Components": [
                {
                    "Type": "Transform",
                    "matrix": [
                        0.9656780362129211,
                        0.0,
                        -0.25964224338531494,
                        0.0,
                        0.0,
                        1.0,
                        0.0,
                        0.0,
                        0.25964224338531494,
                        0.0,
                        0.9656780362129211,
                        0.0,
                        5.925000190734863,
                        2.6599998474121094,
                        -15.75,
                        1.0
                    ]
                }
            ],
            "ID": 39,
            "Name": "Default Object"
        },
        {
            "Components": [
                {
                    "Type": "Transform",
                    "matrix": [
                        0.9656780362129211,
                        0.0,
                        -0.25964224338531494,
                        0.0,
                        0.0,
                        1.0,
                        0.0,
                        0.0,
                        0.25964224338531494,
                        0.0,
                        0.9656780362129211,
                        0.0,
                        5.949999809265137,
                        2.9800000190734863,
                        -16.75,
                        1.0
                    ]
                }
            ],
            "ID": 40,
            "Name": "Default Object"
        },
        {
            "Components": [
                {
                    "Type": "Transform",
                    "matrix": [
                        0.9656780362129211,
                        0.0,
                        -0.25964224338531494,
                        0.0,
                        0.0,
                        1.0,
                        0.0,
                        0.0,
                        0.25964224338531494,
                        0.0,
                        0.9656780362129211,
                        0.0,
                        5.974999904632568,
                        3.299999952316284,
                        -17.75,
                        1.0
                    ]
                }
            ],
            "ID": 41,
            "Name": "Default Object"
        },
        {
            "Components": [
                {
                    "Type": "Transform",
                    "matrix": [
                        0.9656780362129211,
                        0.0,
                        -0.25964224338531494,
                        0.0,
                        0.0,
                        1.0,
                        0.0,
                        0.0,
                        0.25964224338531494,
                        0.0,
                        0.9656780362129211,
                        0.0,
                        6.0,
                        3.619999885559082,
                        -18.75,
                        1.0
                    ]
                }
            ],
            "ID": 42,
            "Name": "Default Object"
        },
        {
            "Components": [
                {
                    "Type": "Transform",
                    "matrix": [
                        0.9656780362129211,
                        0.0,
                        -0.25964224338531494,
                        0.0,
                        0.0,
                        1.0,
                        0.0,
                        0.0,
                        0.25964224338531494,
                        0.0,
                        0.9656780362129211,
                        0.0,
                        6.025000095367432,
                        3.93999981880188,
                        -19.75,
                        1.0
                    ]
                }
            ],
            "ID": 43,
            "Name": "Default Object"
        },
        {
            "Components": [
                {
                    "Type": "Transform",
                    "matrix": [
                        0.9656780362129211,
                        0.0,
                        -0.25964224338531494,
                        0.0,
                        0.0,
                        1.0,
                        0.0,
                        0.0,
                        0.25964224338531494,
                        0.0,
                        0.9656780362129211,
                        0.0,
                        5.050000190734863,
                        4.259999752044678,
                        -20.75,
                        1.0
                    ]
                }
            ],
            "ID": 44,
            "Name": "Default Object"
        },
        {
            "Components": [
                {
                    "Type": "Transform",
                    "matrix": [
                        0.9656780362129211,
                        0.0,
                        0.25964224338531494,
                        0.0,
                        0.0,
                        1.0,
                        0.0,
                        0.0,
                        -0.25964224338531494,
                        0.0,
                        0.9656780362129211,
                        0.0,
                        18.25,
                        0.10000000149011612,
                        -7.75,
                        1.0
                    ]
                }
            ],
            "ID": 45,
            "Name": "Default Object"
        },
        {
            "Components": [
                {
                    "Type": "Transform",
                    "matrix": [
                        0.9656780362129211,
                        0.0,
                        0.25964224338531494,
                        0.0,
                        0.0,
                        1.0,
                        0.0,
                        0.0,
                        -0.25964224338531494,
                        0.0,
                        0.9656780362129211,
                        0.0,
                        18.549999237060547,
                        0.41999998688697815,
                        -8.75,
                        1.0
                    ]
                }
            ],
            "ID": 46,
            "Name": "Default Object"
        },
        {
            "Components": [
                {
                    "Type": "Transform",
                    "matrix": [
                        0.9656780362129211,
                        0.0,
                        0.25964224338531494,
                        0.0,
                        0.0,
                        1.0,
                        0.0,
                        0.0,
                        -0.25964224338531494,
                        0.0,
                        0.9656780362129211,
                        0.0,
                        18.850000381469727,
                        0.7400000095367432,
                        -9.75,
                        1.0
                    ]
                }
            ],
            "ID": 47,
            "Name": "Default Object"
        },
        {
            "Components": [
                {
                    "Type": "Transform",
                    "matrix": [
                        0.9656780362129211,
                        0.0,
                        0.25964224338531494,
                        0.0,
                        0.0,
                        1.0,
                        0.0,
                        0.0,
                        -0.25964224338531494,
                        0.0,
                        0.9656780362129211,
                        0.0,
                        19.149999618530273,
                        1.059999942779541,
                        -10.75,
                        1.0
                    ]
                }
            ],
            "ID": 48,
            "Name": "Default Object"
        },
        {
            "Components": [
                {
                    "Type": "Transform",
                    "matrix": [
                        0.9656780362129211,
                        0.0,
                        0.25964224338531494,
                        0.0,
                        0.0,
                        1.0,
                        0.0,
                        0.0,
                        -0.25964224338531494,
                        0.0,
                        0.9656780362129211,
                        0.0,
                        19.450000762939453,
                        1.3799999952316284,
                        -11.75,
                        1.0
                    ]
                }
            ],
            "ID": 49,
            "Name": "Default Object"
        },
        {
            "Components": [
                {
                    "Type": "Transform",
                    "matrix": [
                        0.9656780362129211,
                        0.0,
