{
    "Lights": [
        {
            "Color": {
                "w": 1.0,
                "x": 4.0,
                "y": 3.0,
                "z": 1.0
            },
            "PaddingAndRadius": {
                "w": 30.0,
                "x": 0.0,
                "y": 0.0,
                "z": 0.0
            },
            "Position": {
                "w": 1.0,
                "x": 13.600000381469727,
                "y": 0.0,
                "z": 0.0
            }
        },
        {
            "Color": {
                "w": 1.0,
                "x": 4.0,
                "y": 3.0,
                "z": 1.0
            },
            "PaddingAndRadius": {
                "w": 30.0,
                "x": 0.0,
                "y": 0.0,
                "z": 0.0
            },
            "Position": {
                "w": 1.0,
                "x": 12.300000190734863,
                "y": 3.799999952316284,
                "z": -14.5
            }
        }
    ],
    "Objects": [
        {
            "Components": [
                {
                    "Type": "Transform",
                    "matrix": [
                        1.0,
                        0.0,
                        0.0,
                        0.0,
                        0.0,
                        1.0,
                        0.0,
                        0.0,
                        0.0,
                        0.0,
                        1.0,
                        0.0,
                        7.457945823669434,
                        4.999992370605469,
                        -21.893991470336914,
                        1.0
                    ]
                }
            ],
            "ID": 0,
            "Name": "Player"
        },
        {
            "Components": [
                {
                    "Type": "Transform",
                    "matrix": [
                        1.0,
                        0.0,
                        0.0,
                        0.0,
                        0.0,
                        1.0,
                        0.0,
                        0.0,
                        0.0,
                        0.0,
                        1.0,
                        0.0,
                        18.920000076293945,
                        0.0,
                        -8.579999923706055,
                        1.0
                    ]
                }
            ],
            "ID": 1,
            "Name": "LectureTheatreEmpty"
        },
        {
            "Components": [
                {
                    "Type": "Transform",
                    "matrix": [
                        1.0,
                        0.0,
                        0.0,
                        0.0,
                        0.0,
                        1.0,
                        0.0,
                        0.0,
                        0.0,
                        0.0,
                        1.0,
                        0.0,
                        12.375,
                        0.46000000834465027,
                        -3.799999952316284,
                        1.0
                    ]
                }
            ],
            "ID": 2,
            "Name": "Desk"
        },
        {
            "Components": [
                {
                    "Type": "Transform",
                    "matrix": [
                        0.9999668598175049,
                        0.0030877680983394384,
                        -0.0038108346052467823,
                        0.0,
                        -0.0030949716456234455,
                        0.9999706745147705,
                        -0.0018871326465159655,
                        0.0,
                        0.0038049849681556225,
                        0.0018989089876413345,
                        0.999970555305481,
                        0.0,
                        12.796154022216797,
                        0.9499131441116333,
                        -4.301922798156738,
                        1.0
                    ]
                }
            ],
            "ID": 3,
            "Name": "Laptop 1"
        },
        {
            "Components": [
                {
                    "Type": "Transform",
                    "matrix": [
                        0.9999784231185913,
                        0.0009396938839927316,
                        -0.0014031477039679885,
                        0.0,
                        -0.0009429504279978573,
                        0.9999727606773376,
                        -0.002324664033949375,
                        0.0,
                        0.0014009575825184584,
                        0.002325990702956915,
                        0.999975323677063,
                        0.0,
                        12.376312255859375,
                        0.9492012858390808,
                        -4.306497097015381,
                        1.0
                    ]
                }
            ],
            "ID": 4,
            "Name": "Laptop 2"
        },
        {
            "Components": [
                {
                    "Type": "Transform",
                    "matrix": [
                        0.8658133745193481,
                        -0.0004392071277834475,
                        -0.5004178881645203,
                        0.0,
                        0.0010099299252033234,
                        0.9999746680259705,
                        0.0008697027224116027,
                        0.0,
                        0.5004146099090576,
                        -0.0012584117939695716,
                        0.8658088445663452,
                        0.0,
                        8.0,
                        0.5000954270362854,
                        -6.5,
                        1.0
                    ]
                }
            ],
            "ID": 5,
            "Name": "Chair 1"
        },
        {
            "Components": [
                {
                    "Type": "Transform",
                    "matrix": [
                        0.8658073544502258,
                        0.0010743725579231977,
                        -0.5004345774650574,
                        0.0,
                        -0.0008856327622197568,
                        0.9999785423278809,
                        0.0006145904771983624,
                        0.0,
                        0.500430703163147,
                        -8.891677134670317e-05,
                        0.8658004403114319,
                        0.0,
                        8.399999618530273,
                        0.4988225996494293,
                        -5.800000190734863,
                        1.0
                    ]
                }
            ],
            "ID": 6,
            "Name": "Chair 2"
        },
        {
            "Components": [
                {
                    "Type": "Transform",
                    "matrix": [
                        0.8657893538475037,
                        0.001176093122921884,
                        -0.5004599690437317,
                        0.0,
                        -0.0010649485047906637,
                        0.9999758005142212,
                        0.0005076201632618904,
                        0.0,
                        0.5004575252532959,
                        9.347364539280534e-05,
                        0.8657853603363037,
                        0.0,
                        8.800000190734863,
                        0.49850836396217346,
                        -5.099999904632568,
                        1.0
                    ]
                }
            ],
            "ID": 7,
            "Name": "Chair 3"
        },
        {
            "Components": [
                {
                    "Type": "Transform",
                    "matrix": [
                        0.8657729625701904,
                        0.0009182643843814731,
                        -0.5004836320877075,
                        0.0,
                        -0.0006127429660409689,
                        0.9999796152114868,
                        0.000774749496486038,
                        0.0,
                        0.5004818439483643,
                        -0.00036409497261047363,
                        0.8657691478729248,
                        0.0,
                        9.199999809265137,
                        0.4990820586681366,
                        -4.400000095367432,
                        1.0
                    ]
                }
            ],
            "ID": 8,
            "Name": "Chair 4"
        },
        {
            "Components": [
                {
                    "Type": "Transform",
                    "matrix": [
                        -0.8661157488822937,
                        0.0014805733226239681,
                        -0.5008566975593567,
                        0.0,
                        0.001419644569978118,
                        0.9999768137931824,
                        0.0005010663298889995,
                        0.0,
                        0.5008559226989746,
                        -0.0002770626451820135,
                        -0.8661152720451355,
                        0.0,
                        17.799999237060547,
                        0.49982181191444397,
                        -6.5,
                        1.0
                    ]
                }
            ],
            "ID": 9,
            "Name": "Chair 5"
        },
        {
            "Components": [
                {
                    "Type": "Transform",
                    "matrix": [
                        -0.8661515116691589,
                        -6.94131585987634e-07,
                        -0.5008036494255066,
                        0.0,
                        0.000790633202996105,
                        0.9999733567237854,
                        -0.0013688040198758245,
                        0.0,
                        0.5008036494255066,
                        -0.0015815852675586939,
                        -0.8661514520645142,
                        0.0,
                        17.399999618530273,
                        0.5002378821372986,
                        -5.800000190734863,
                        1.0
                    ]
                }
            ],
            "ID": 10,
            "Name": "Chair 6"
        },
        {
            "Components": [
                {
                    "Type": "Transform",
                    "matrix": [
                        1.0,
                        0.0,
                        0.0,
                        0.0,
                        0.0,
                        1.0,
                        0.0,
                        0.0,
                        0.0,
                        0.0,
                        1.0,
                        0.0,
                        15.0,
                        0.0,
                        -15.0,
                        1.0
                    ]
                }
            ],
            "ID": 11,
            "Name": "Default Object"
        },
        {
            "Components": [
                {
                    "Type": "Transform",
                    "matrix": [
                        1.0,
                        0.0,
                        0.0,
                        0.0,
                        0.0,
                        1.0,
                        0.0,
                        0.0,
                        0.0,
                        0.0,
                        1.0,
                        0.0,
                        13.125,
                        0.30000001192092896,
                        -4.25,
                        1.0
                    ]
                }
            ],
            "ID": 12,
            "Name": "Default Object"
        },
        {
            "Components": [
                {
                    "Type": "Transform",
                    "matrix": [
                        0.9994040131568909,
                        -0.032534051686525345,
                        -0.011526010930538177,
                        0.0,
                        0.03451348468661308,
                        0.9449716210365295,
                        0.3252784013748169,
                        0.0,
                        0.0003091277612838894,
                        -0.32548248767852783,
                        0.9455317258834839,
                        0.0,
                        9.75,
                        0.25,
                        -10.0,
                        1.0
                    ]
                }
            ],
            "ID": 13,
            "Name": "Default Object"
        },
        {
            "Components": [
                {
                    "Type": "Transform",
                    "matrix": [
                        0.8658379912376404,
                        0.0,
                        -0.5003880262374878,
                        0.0,
                        0.0,
                        1.0,
                        0.0,
                        0.0,
                        0.5003880262374878,
                        0.0,
                        0.8658379912376404,
                        0.0,
                        7.0,
                        0.25,
                        -6.5,
                        1.0
                    ]
                }
            ],
            "ID": 14,
            "Name": "Default Object"
        },
        {
            "Components": [
                {
                    "Type": "Transform",
                    "matrix": [
                        0.8658379912376404,
                        0.0,
                        0.5003880262374878,
                        0.0,
                        0.0,
                        1.0,
                        0.0,
                        0.0,
                        -0.5003880262374878,
                        0.0,
                        0.8658379912376404,
                        0.0,
                        18.5,
                        0.25,
                        -6.5,
                        1.0
                    ]
                }
            ],
            "ID": 15,
            "Name": "Default Object"
        },
        {
            "Components": [
                {
                    "Type": "Transform",
                    "matrix": [
                        1.0,
                        0.0,
                        0.0,
                        0.0,
                        0.0,
                        1.0,
                        0.0,
                        0.0,
                        0.0,
                        0.0,
                        1.0,
                        0.0,
                        12.0,
                        0.25,
                        -1.774999976158142,
                        1.0
                    ]
                }
            ],
            "ID": 16,
            "Name": "Default Object"
        },
        {
            "Components": [
                {
                    "Type": "Transform",
                    "matrix": [
                        1.0,
                        0.0,
                        0.0,
                        0.0,
                        0.0,
                        1.0,
                        0.0,
                        0.0,
                        0.0,
                        0.0,
                        1.0,
                        0.0,
                        13.125,
                        0.10000000149011612,
                        -8.75,
                        1.0
                    ]
                }
            ],
            "ID": 17,
            "Name": "Default Object"
        },
        {
            "Components": [
                {
                    "Type": "Transform",
                    "matrix": [
                        1.0,
                        0.0,
                        0.0,
                        0.0,
                        0.0,
                        1.0,
                        0.0,
                        0.0,
                        0.0,
                        0.0,
                        1.0,
                        0.0,
                        13.125,
                        0.41999998688697815,
                        -9.75,
                        1.0
                    ]
                }
            ],
            "ID": 18,
            "Name": "Default Object"
        },
        {
            "Components": [
                {
                    "Type": "Transform",
                    "matrix": [
                        1.0,
                        0.0,
                        0.0,
                        0.0,
                        0.0,
                        1.0,
                        0.0,
                        0.0,
                        0.0,
                        0.0,
                        1.0,
                        0.0,
                        13.125,
                        0.7400000095367432,
                        -10.75,
                        1.0
                    ]
                }
            ],
            "ID": 19,
            "Name": "Default Object"
        },
        {
            "Components": [
                {
                    "Type": "Transform",
                    "matrix": [
                        1.0,
                        0.0,
                        0.0,
                        0.0,
                        0.0,
                        1.0,
                        0.0,
                        0.0,
                        0.0,
                        0.0,
                        1.0,
                        0.0,
                        13.125,
                        1.059999942779541,
                        -11.75,
                        1.0
                    ]
                }
            ],
            "ID": 20,
            "Name": "Default Object"
        },
        {
            "Components": [
                {
                    "Type": "Transform",
                    "matrix": [
                        1.0,
                        0.0,
                        0.0,
                        0.0,
                        0.0,
                        1.0,
                        0.0,
                        0.0,
                        0.0,
                        0.0,
                        1.0,
                        0.0,
                        13.125,
                        1.3799999952316284,
                        -12.75,
                        1.0
                    ]
                }
            ],
            "ID": 21,
            "Name": "Default Object"
        },
        {
            "Components": [
                {
                    "Type": "Transform",
                    "matrix": [
                        1.0,
                        0.0,
                        0.0,
                        0.0,
                        0.0,
                        1.0,
                        0.0,
                        0.0,
                        0.0,
                        0.0,
                        1.0,
                        0.0,
                        13.125,
                        1.7000000476837158,
                        -13.75,
                        1.0
                    ]
                }
            ],
            "ID": 22,
            "Name": "Default Object"
        },
        {
            "Components": [
                {
                    "Type": "Transform",
                    "matrix": [
                        1.0,
                        0.0,
                        0.0,
                        0.0,
                        0.0,
                        1.0,
                        0.0,
                        0.0,
                        0.0,
                        0.0,
                        1.0,
                        0.0,
                        13.125,
                        2.0199999809265137,
                        -14.75,
                        1.0
                    ]
                }
            ],
            "ID": 23,
            "Name": "Default Object"
        },
        {
            "Components": [
                {
                    "Type": "Transform",
                    "matrix": [
                        1.0,
                        0.0,
                        0.0,
                        0.0,
                        0.0,
                        1.0,
                        0.0,
                        0.0,
                        0.0,
                        0.0,
                        1.0,
                        0.0,
                        13.125,
                        2.3399999141693115,
                        -15.75,
                        1.0
                    ]
                }
            ],
            "ID": 24,
            "Name": "Default Object"
        },
        {
            "Components": [
                {
                    "Type": "Transform",
                    "matrix": [
                        1.0,
                        0.0,
                        0.0,
                        0.0,
                        0.0,
                        1.0,
                        0.0,
                        0.0,
                        0.0,
                        0.0,
                        1.0,
                        0.0,
                        13.125,
                        2.6599998474121094,
                        -16.75,
                        1.0
                    ]
                }
            ],
            "ID": 25,
            "Name": "Default Object"
        },
        {
            "Components": [
                {
                    "Type": "Transform",
                    "matrix": [
                        1.0,
                        0.0,
                        0.0,
                        0.0,
                        0.0,
                        1.0,
                        0.0,
                        0.0,
                        0.0,
                        0.0,
                        1.0,
                        0.0,
                        13.125,
                        2.9800000190734863,
                        -17.75,
                        1.0
                    ]
                }
            ],
            "ID": 26,
            "Name": "Default Object"
        },
        {
            "Components": [
                {
                    "Type": "Transform",
                    "matrix": [
                        1.0,
                        0.0,
                        0.0,
                        0.0,
                        0.0,
                        1.0,
                        0.0,
                        0.0,
                        0.0,
                        0.0,
                        1.0,
                        0.0,
                        13.125,
                        3.299999952316284,
                        -18.75,
                        1.0
                    ]
                }
            ],
            "ID": 27,
            "Name": "Default Object"
        },
        {
            "Components": [
                {
                    "Type": "Transform",
                    "matrix": [
                        1.0,
                        0.0,
                        0.0,
                        0.0,
                        0.0,
                        1.0,
                        0.0,
                        0.0,
                        0.0,
                        0.0,
                        1.0,
                        0.0,
                        13.125,
                        3.619999885559082,
                        -19.75,
                        1.0
                    ]
                }
            ],
            "ID": 28,
            "Name": "Default Object"
        },
        {
            "Components": [
                {
                    "Type": "Transform",
                    "matrix": [
                        1.0,
                        0.0,
                        0.0,
                        0.0,
                        0.0,
                        1.0,
                        0.0,
                        0.0,
                        0.0,
                        0.0,
                        1.0,
                        0.0,
                        13.125,
                        3.93999981880188,
                        -20.75,
                        1.0
                    ]
                }
            ],
            "ID": 29,
            "Name": "Default Object"
        },
        {
            "Components": [
                {
                    "Type": "Transform",
                    "matrix": [
                        1.0,
                        0.0,
                        0.0,
                        0.0,
                        0.0,
                        1.0,
                        0.0,
                        0.0,
                        0.0,
                        0.0,
                        1.0,
                        0.0,
                        13.125,
                        4.259999752044678,
                        -21.75,
                        1.0
                    ]
                }
            ],
            "ID": 30,
            "Name": "Default Object"
        },
        {
            "Components": [
                {
                    "Type": "Transform",
                    "matrix": [
                        0.9656780362129211,
                        0.0,
                        -0.25964224338531494,
                        0.0,
                        0.0,
                        1.0,
                        0.0,
                        0.0,
                        0.25964224338531494,
                        0.0,
                        0.9656780362129211,
                        0.0,
                        8.0,
                        0.10000000149011612,
                        -7.75,
                        1.0
                    ]
                }
            ],
            "ID": 31,
            "Name": "Default Object"
        },
        {
            "Components": [
                {
                    "Type": "Transform",
                    "matrix": [
                        0.9656780362129211,
                        0.0,
                        -0.25964224338531494,
                        0.0,
                        0.0,
                        1.0,
                        0.0,
                        0.0,
                        0.25964224338531494,
                        0.0,
                        0.9656780362129211,
                        0.0,
                        7.699999809265137,
                        0.41999998688697815,
                        -8.75,
                        1.0
                    ]
                }
            ],
            "ID": 32,
            "Name": "Default Object"
        },
        {
            "Components": [
                {
                    "Type": "Transform",
                    "matrix": [
                        0.9656780362129211,
                        0.0,
                        -0.25964224338531494,
                        0.0,
                        0.0,
                        1.0,
                        0.0,
                        0.0,
                        0.25964224338531494,
                        0.0,
                        0.9656780362129211,
                        0.0,
                        7.400000095367432,
                        0.7400000095367432,
                        -9.75,
                        1.0
                    ]
                }
            ],
            "ID": 33,
            "Name": "Default Object"
        },
        {
            "Components": [
                {
                    "Type": "Transform",
                    "matrix": [
                        0.9656780362129211,
                        0.0,
                        -0.25964224338531494,
                        0.0,
                        0.0,
                        1.0,
                        0.0,
                        0.0,
                        0.25964224338531494,
                        0.0,
                        0.9656780362129211,
                        0.0,
                        7.099999904632568,
                        1.059999942779541,
                        -10.75,
                        1.0
                    ]
                }
            ],
            "ID": 34,
            "Name": "Default Object"
        },
        {
            "Components": [
                {
                    "Type": "Transform",
                    "matrix": [
                        0.9656780362129211,
                        0.0,
                        -0.25964224338531494,
                        0.0,
                        0.0,
                        1.0,
                        0.0,
                        0.0,
                        0.25964224338531494,
                        0.0,
                        0.9656780362129211,
                        0.0,
                        6.800000190734863,
                        1.3799999952316284,
                        -11.75,
                        1.0
                    ]
                }
            ],
            "ID": 35,
            "Name": "Default Object"
        },
        {
            "Components": [
                {
                    "Type": "Transform",
                    "matrix": [
                        0.9656780362129211,
                        0.0,
                        -0.25964224338531494,
                        0.0,
                        0.0,
                        1.0,
                        0.0,
                        0.0,
                        0.25964224338531494,
                        0.0,
                        0.9656780362129211,
                        0.0,
                        6.5,
                        1.7000000476837158,
                        -12.75,
                        1.0
                    ]
                }
            ],
            "ID": 36,
            "Name": "Default Object"
        },
        {
            "Components": [
                {
                    "Type": "Transform",
                    "matrix": [
                        0.9656780362129211,
                        0.0,
                        -0.25964224338531494,
                        0.0,
                        0.0,
                        1.0,
                        0.0,
                        0.0,
                        0.25964224338531494,
                        0.0,
                        0.9656780362129211,
                        0.0,
                        6.199999809265137,
                        2.0199999809265137,
                        -13.75,
                        1.0
                    ]
                }
            ],
            "ID": 37,
            "Name": "Default Object"
        },
        {
            "Components": [
                {
                    "Type": "Transform",
                    "matrix": [
                        0.9656780362129211,
                        0.0,
                        -0.25964224338531494,
                        0.0,
                        0.0,
                        1.0,
                        0.0,
                        0.0,
                        0.25964224338531494,
                        0.0,
                        0.9656780362129211,
                        0.0,
                        5.900000095367432,
                        2.3399999141693115,
                        -14.75,
                        1.0
                    ]
                }
            ],
            "ID": 38,
            "Name": "Default Object"
        },
        {
            "Components": [
                {
                    "Type": "Transform",
                    "matrix": [
                        0.9656780362129211,
                        0.0,
                        -0.25964224338531494,
                        0.0,
                        0.0,
                        1.0,
                        0.0,
                        0.0,
                        0.25964224338531494,
                        0.0,
                        0.9656780362129211,
                        0.0,
                        5.925000190734863,
                        2.6599998474121094,
                        -15.75,
                        1.0
                    ]
                }
            ],
            "ID": 39,
            "Name": "Default Object"
        },
        {
            "Components": [
                {
                    "Type": "Transform",
                    "matrix": [
                        0.9656780362129211,
                        0.0,
                        -0.25964224338531494,
                        0.0,
                        0.0,
                        1.0,
                        0.0,
                        0.0,
                        0.25964224338531494,
                        0.0,
                        0.9656780362129211,
                        0.0,
                        5.949999809265137,
                        2.9800000190734863,
                        -16.75,
                        1.0
                    ]
                }
            ],
            "ID": 40,
            "Name": "Default Object"
        },
        {
            "Components": [
                {
                    "Type": "Transform",
                    "matrix": [
                        0.9656780362129211,
                        0.0,
                        -0.25964224338531494,
                        0.0,
                        0.0,
                        1.0,
                        0.0,
                        0.0,
                        0.25964224338531494,
                        0.0,
                        0.9656780362129211,
                        0.0,
                        5.974999904632568,
                        3.299999952316284,
                        -17.75,
                        1.0
                    ]
                }
            ],
            "ID": 41,
            "Name": "Default Object"
        },
        {
            "Components": [
                {
                    "Type": "Transform",
                    "matrix": [
                        0.9656780362129211,
                        0.0,
                        -0.25964224338531494,
                        0.0,
                        0.0,
                        1.0,
                        0.0,
                        0.0,
                        0.25964224338531494,
                        0.0,
                        0.9656780362129211,
                        0.0,
                        6.0,
                        3.619999885559082,
                        -18.75,
                        1.0
                    ]
                }
            ],
            "ID": 42,
            "Name": "Default Object"
        },
        {
            "Components": [
                {
                    "Type": "Transform",
                    "matrix": [
                        0.9656780362129211,
                        0.0,
                        -0.25964224338531494,
                        0.0,
                        0.0,
                        1.0,
                        0.0,
                        0.0,
                        0.25964224338531494,
                        0.0,
                        0.9656780362129211,
                        0.0,
                        6.025000095367432,
                        3.93999981880188,
                        -19.75,
                        1.0
                    ]
                }
            ],
            "ID": 43,
            "Name": "Default Object"
        },
        {
            "Components": [
                {
                    "Type": "Transform",
                    "matrix": [
                        0.9656780362129211,
                        0.0,
                        -0.25964224338531494,
                        0.0,
                        0.0,
                        1.0,
                        0.0,
                        0.0,
                        0.25964224338531494,
                        0.0,
                        0.9656780362129211,
                        0.0,
                        5.050000190734863,
                        4.259999752044678,
                        -20.75,
                        1.0
                    ]
                }
            ],
            "ID": 44,
            "Name": "Default Object"
        },
        {
            "Components": [
                {
                    "Type": "Transform",
                    "matrix": [
                        0.9656780362129211,
                        0.0,
                        0.25964224338531494,
                        0.0,
                        0.0,
                        1.0,
                        0.0,
                        0.0,
                        -0.25964224338531494,
                        0.0,
                        0.9656780362129211,
                        0.0,
                        18.25,
                        0.10000000149011612,
                        -7.75,
                        1.0
                    ]
                }
            ],
            "ID": 45,
            "Name": "Default Object"
        },
        {
            "Components": [
                {
                    "Type": "Transform",
                    "matrix": [
                        0.9656780362129211,
                        0.0,
                        0.25964224338531494,
                        0.0,
                        0.0,
                        1.0,
                        0.0,
                        0.0,
                        -0.25964224338531494,
                        0.0,
                        0.9656780362129211,
                        0.0,
                        18.549999237060547,
                        0.41999998688697815,
                        -8.75,
                        1.0
                    ]
                }
            ],
            "ID": 46,
            "Name": "Default Object"
        },
        {
            "Components": [
                {
                    "Type": "Transform",
                    "matrix": [
                        0.9656780362129211,
                        0.0,
                        0.25964224338531494,
                        0.0,
                        0.0,
                        1.0,
                        0.0,
                        0.0,
                        -0.25964224338531494,
                        0.0,
                        0.9656780362129211,
                        0.0,
                        18.850000381469727,
                        0.7400000095367432,
                        -9.75,
                        1.0
                    ]
                }
            ],
            "ID": 47,
            "Name": "Default Object"
        },
        {
            "Components": [
                {
                    "Type": "Transform",
                    "matrix": [
                        0.9656780362129211,
                        0.0,
                        0.25964224338531494,
                        0.0,
                        0.0,
                        1.0,
                        0.0,
                        0.0,
                        -0.25964224338531494,
                        0.0,
                        0.9656780362129211,
                        0.0,
                        19.149999618530273,
                        1.059999942779541,
                        -10.75,
                        1.0
                    ]
                }
            ],
            "ID": 48,
            "Name": "Default Object"
        },
        {
            "Components": [
