{
    "Lights": [],
    "Objects": [
        {
            "Components": [
                {
                    "Type": "Transform",
                    "matrix": [
                        1.0,
                        0.0,
                        0.0,
                        0.0,
                        0.0,
                        1.0,
                        0.0,
                        0.0,
                        0.0,
                        0.0,
                        1.0,
                        0.0,
                        15.16291618347168,
                        4.850002288818359,
                        -2.9924862384796143,
                        1.0
                    ]
                }
            ],
            "ID": 0,
            "Name": "Player"
        },
        {
            "Components": [
                {
                    "Type": "Transform",
                    "matrix": [
                        1.0,
                        0.0,
                        0.0,
                        0.0,
                        0.0,
                        1.0,
                        0.0,
                        0.0,
                        0.0,
                        0.0,
                        1.0,
                        0.0,
                        18.920000076293945,
                        0.0,
                        -8.579999923706055,
                        1.0
                    ]
                }
            ],
            "ID": 1,
            "Name": "LectureTheatreEmpty"
        },
        {
            "Components": [
                {
                    "Type": "Transform",
                    "matrix": [
                        1.0,
                        0.0,
                        0.0,
                        0.0,
                        0.0,
                        1.0,
                        0.0,
                        0.0,
                        0.0,
                        0.0,
                        1.0,
                        0.0,
                        12.375,
                        0.46000000834465027,
                        -3.799999952316284,
                        1.0
                    ]
                }
            ],
            "ID": 2,
            "Name": "Desk"
        },
        {
            "Components": [
                {
                    "Type": "Transform",
                    "matrix": [
                        0.9999549388885498,
                        0.00019837883883155882,
                        -5.933588545303792e-05,
                        0.0,
                        -0.0001982855173991993,
                        0.9999545216560364,
                        0.0015710039297118783,
                        0.0,
                        5.96480822423473e-05,
                        -0.0015710067236796021,
                        0.9999638199806213,
                        0.0,
                        12.800000190734863,
                        0.9496982097625732,
                        -4.300000190734863,
                        1.0
                    ]
                }
            ],
            "ID": 3,
            "Name": "Laptop 1"
        },
        {
            "Components": [
                {
                    "Type": "Transform",
                    "matrix": [
                        0.9999585151672363,
                        0.002193454885855317,
                        -0.0011721823830157518,
                        0.0,
                        -0.002191251842305064,
                        0.9999539852142334,
                        0.0018711063312366605,
                        0.0,
                        0.0011762813664972782,
                        -0.0018685373943299055,
                        0.9999586939811707,
                        0.0,
                        12.395866394042969,
                        0.949718177318573,
                        -4.300516128540039,
                        1.0
                    ]
                }
            ],
            "ID": 4,
            "Name": "Laptop 2"
        },
        {
            "Components": [
                {
                    "Type": "Transform",
                    "matrix": [
                        0.8621855974197388,
                        0.0007242230931296945,
                        -0.5066076517105103,
                        0.0,
                        0.506597638130188,
                        -0.0011621180456131697,
                        0.8621669411659241,
                        0.0,
                        3.566387385944836e-05,
                        -1.0000083446502686,
                        -0.0013688704930245876,
                        0.0,
                        8.0,
                        0.3496561050415039,
                        -6.5,
                        1.0
                    ]
                }
            ],
            "ID": 5,
            "Name": "Chair 1"
        },
        {
            "Components": [
                {
                    "Type": "Transform",
                    "matrix": [
                        0.8659278750419617,
                        9.866776963463053e-05,
                        -0.5002030730247498,
                        0.0,
                        0.00043524400098249316,
                        0.9999635815620422,
                        0.0009507222566753626,
                        0.0,
                        0.5002021789550781,
                        -0.0010410032700747252,
                        0.865926206111908,
                        0.0,
                        8.399999618530273,
                        0.49984806776046753,
                        -5.800000190734863,
                        1.0
                    ]
                }
            ],
            "ID": 6,
            "Name": "Chair 2"
        },
        {
            "Components": [
                {
                    "Type": "Transform",
                    "matrix": [
                        0.8659395575523376,
                        -4.9084879719885066e-05,
                        -0.5001932978630066,
                        0.0,
                        0.0008134827367030084,
                        0.9999525547027588,
                        0.0013101822696626186,
                        0.0,
                        0.5001917481422424,
                        -0.0015415060333907604,
                        0.8659371733665466,
                        0.0,
                        8.800000190734863,
                        0.4995224177837372,
                        -5.099999904632568,
                        1.0
                    ]
                }
            ],
            "ID": 7,
            "Name": "Chair 3"
        },
        {
            "Components": [
                {
                    "Type": "Transform",
                    "matrix": [
                        0.8659053444862366,
                        0.00018435006495565176,
                        -0.5002672076225281,
                        0.0,
                        0.0008453259360976517,
                        0.9999574422836304,
                        0.0018316502682864666,
                        0.0,
                        0.5002613067626953,
                        -0.002008985262364149,
                        0.8658944964408875,
                        0.0,
                        9.199999809265137,
                        0.49960190057754517,
                        -4.400000095367432,
                        1.0
                    ]
                }
            ],
            "ID": 8,
            "Name": "Chair 4"
        },
        {
            "Components": [
                {
                    "Type": "Transform",
                    "matrix": [
                        -0.8659231662750244,
                        0.0001158901650342159,
                        -0.5012882947921753,
                        0.0,
                        0.0009699430665932596,
                        0.9999601244926453,
                        -0.001444299821741879,
                        0.0,
                        0.5012845993041992,
                        -0.0017369308043271303,
                        -0.8659172654151917,
                        0.0,
                        17.799999237060547,
                        0.4998302757740021,
                        -6.5,
                        1.0
                    ]
                }
            ],
            "ID": 9,
            "Name": "Chair 5"
        },
        {
            "Components": [
                {
                    "Type": "Transform",
                    "matrix": [
                        -0.8659073710441589,
                        0.000753229483962059,
                        -0.5012229681015015,
                        0.0,
                        0.0012635147431865335,
                        0.9999606013298035,
                        -0.0006801099516451359,
                        0.0,
                        0.5012248754501343,
                        -0.0012222689110785723,
                        -0.8659126162528992,
                        0.0,
                        17.399999618530273,
                        0.49966204166412354,
                        -5.800000190734863,
                        1.0
                    ]
                }
            ],
            "ID": 10,
            "Name": "Chair 6"
        },
        {
            "Components": [
                {
                    "Type": "Transform",
                    "matrix": [
                        1.0,
                        0.0,
                        0.0,
                        0.0,
                        0.0,
                        1.0,
                        0.0,
                        0.0,
                        0.0,
                        0.0,
                        1.0,
                        0.0,
                        15.0,
                        0.0,
                        -15.0,
                        1.0
                    ]
                }
            ],
            "ID": 11,
            "Name": "Default Object"
        },
        {
            "Components": [
                {
                    "Type": "Transform",
                    "matrix": [
                        1.0,
                        0.0,
                        0.0,
                        0.0,
                        0.0,
                        1.0,
                        0.0,
                        0.0,
                        0.0,
                        0.0,
                        1.0,
                        0.0,
                        13.125,
                        0.30000001192092896,
                        -4.25,
                        1.0
                    ]
                }
            ],
            "ID": 12,
            "Name": "Default Object"
        },
        {
            "Components": [
                {
                    "Type": "Transform",
                    "matrix": [
                        0.9994040131568909,
                        -0.032534051686525345,
                        -0.011526010930538177,
                        0.0,
                        0.03451348468661308,
                        0.9449716210365295,
                        0.3252784013748169,
                        0.0,
                        0.0003091277612838894,
                        -0.32548248767852783,
                        0.9455317258834839,
                        0.0,
                        9.75,
                        0.25,
                        -10.0,
                        1.0
                    ]
                }
            ],
            "ID": 13,
            "Name": "Default Object"
        },
        {
            "Components": [
                {
                    "Type": "Transform",
                    "matrix": [
                        0.8658379912376404,
                        0.0,
                        -0.5003880262374878,
                        0.0,
                        0.0,
                        1.0,
                        0.0,
                        0.0,
                        0.5003880262374878,
                        0.0,
                        0.8658379912376404,
                        0.0,
                        7.0,
                        0.25,
                        -6.5,
                        1.0
                    ]
                }
            ],
            "ID": 14,
            "Name": "Default Object"
        },
        {
            "Components": [
                {
                    "Type": "Transform",
                    "matrix": [
                        0.8658379912376404,
                        0.0,
                        0.5003880262374878,
                        0.0,
                        0.0,
                        1.0,
                        0.0,
                        0.0,
                        -0.5003880262374878,
                        0.0,
                        0.8658379912376404,
                        0.0,
                        18.5,
                        0.25,
                        -6.5,
                        1.0
                    ]
                }
            ],
            "ID": 15,
            "Name": "Default Object"
        },
        {
            "Components": [
                {
                    "Type": "Transform",
                    "matrix": [
                        1.0,
                        0.0,
                        0.0,
                        0.0,
                        0.0,
                        1.0,
                        0.0,
                        0.0,
                        0.0,
                        0.0,
                        1.0,
                        0.0,
                        12.0,
                        0.25,
                        -1.774999976158142,
                        1.0
                    ]
                }
            ],
            "ID": 16,
            "Name": "Default Object"
        },
        {
            "Components": [
                {
                    "Type": "Transform",
                    "matrix": [
                        1.0,
                        0.0,
                        0.0,
                        0.0,
                        0.0,
                        1.0,
                        0.0,
                        0.0,
                        0.0,
                        0.0,
                        1.0,
                        0.0,
                        13.125,
                        0.10000000149011612,
                        -8.75,
                        1.0
                    ]
                }
            ],
            "ID": 17,
            "Name": "Default Object"
        },
        {
            "Components": [
                {
                    "Type": "Transform",
                    "matrix": [
                        1.0,
                        0.0,
                        0.0,
                        0.0,
                        0.0,
                        1.0,
                        0.0,
                        0.0,
                        0.0,
                        0.0,
                        1.0,
                        0.0,
                        13.125,
                        0.41999998688697815,
                        -9.75,
                        1.0
                    ]
                }
            ],
            "ID": 18,
            "Name": "Default Object"
        },
        {
            "Components": [
                {
                    "Type": "Transform",
                    "matrix": [
                        1.0,
                        0.0,
                        0.0,
                        0.0,
                        0.0,
                        1.0,
                        0.0,
                        0.0,
                        0.0,
                        0.0,
                        1.0,
                        0.0,
                        13.125,
                        0.7400000095367432,
                        -10.75,
                        1.0
                    ]
                }
            ],
            "ID": 19,
            "Name": "Default Object"
        },
        {
            "Components": [
                {
                    "Type": "Transform",
                    "matrix": [
                        1.0,
                        0.0,
                        0.0,
                        0.0,
                        0.0,
                        1.0,
                        0.0,
                        0.0,
                        0.0,
                        0.0,
                        1.0,
                        0.0,
                        13.125,
                        1.059999942779541,
                        -11.75,
                        1.0
                    ]
                }
            ],
            "ID": 20,
            "Name": "Default Object"
        },
        {
            "Components": [
                {
                    "Type": "Transform",
                    "matrix": [
                        1.0,
                        0.0,
                        0.0,
                        0.0,
                        0.0,
                        1.0,
                        0.0,
                        0.0,
                        0.0,
                        0.0,
                        1.0,
                        0.0,
                        13.125,
                        1.3799999952316284,
                        -12.75,
                        1.0
                    ]
                }
            ],
            "ID": 21,
            "Name": "Default Object"
        },
        {
            "Components": [
                {
                    "Type": "Transform",
                    "matrix": [
                        1.0,
                        0.0,
                        0.0,
                        0.0,
                        0.0,
                        1.0,
                        0.0,
                        0.0,
                        0.0,
                        0.0,
                        1.0,
                        0.0,
                        13.125,
                        1.7000000476837158,
                        -13.75,
                        1.0
                    ]
                }
            ],
            "ID": 22,
            "Name": "Default Object"
        },
        {
            "Components": [
                {
                    "Type": "Transform",
                    "matrix": [
                        1.0,
                        0.0,
                        0.0,
                        0.0,
                        0.0,
                        1.0,
                        0.0,
                        0.0,
                        0.0,
                        0.0,
                        1.0,
                        0.0,
                        13.125,
                        2.0199999809265137,
                        -14.75,
                        1.0
                    ]
                }
            ],
            "ID": 23,
            "Name": "Default Object"
        },
        {
            "Components": [
                {
                    "Type": "Transform",
                    "matrix": [
                        1.0,
                        0.0,
                        0.0,
                        0.0,
                        0.0,
                        1.0,
                        0.0,
                        0.0,
                        0.0,
                        0.0,
                        1.0,
                        0.0,
                        13.125,
                        2.3399999141693115,
                        -15.75,
                        1.0
                    ]
                }
            ],
            "ID": 24,
            "Name": "Default Object"
        },
        {
            "Components": [
                {
                    "Type": "Transform",
                    "matrix": [
                        1.0,
                        0.0,
                        0.0,
                        0.0,
                        0.0,
                        1.0,
                        0.0,
                        0.0,
                        0.0,
                        0.0,
                        1.0,
                        0.0,
                        13.125,
                        2.6599998474121094,
                        -16.75,
                        1.0
                    ]
                }
            ],
            "ID": 25,
            "Name": "Default Object"
        },
        {
            "Components": [
                {
                    "Type": "Transform",
                    "matrix": [
                        1.0,
                        0.0,
                        0.0,
                        0.0,
                        0.0,
                        1.0,
                        0.0,
                        0.0,
                        0.0,
                        0.0,
                        1.0,
                        0.0,
                        13.125,
                        2.9800000190734863,
                        -17.75,
                        1.0
                    ]
                }
            ],
            "ID": 26,
            "Name": "Default Object"
        },
        {
            "Components": [
                {
                    "Type": "Transform",
                    "matrix": [
                        1.0,
                        0.0,
                        0.0,
                        0.0,
                        0.0,
                        1.0,
                        0.0,
                        0.0,
                        0.0,
                        0.0,
                        1.0,
                        0.0,
                        13.125,
                        3.299999952316284,
                        -18.75,
                        1.0
                    ]
                }
            ],
            "ID": 27,
            "Name": "Default Object"
        },
        {
            "Components": [
                {
                    "Type": "Transform",
                    "matrix": [
                        1.0,
                        0.0,
                        0.0,
                        0.0,
                        0.0,
                        1.0,
                        0.0,
                        0.0,
                        0.0,
                        0.0,
                        1.0,
                        0.0,
                        13.125,
                        3.619999885559082,
                        -19.75,
                        1.0
                    ]
                }
            ],
            "ID": 28,
            "Name": "Default Object"
        },
        {
            "Components": [
                {
                    "Type": "Transform",
                    "matrix": [
                        1.0,
                        0.0,
                        0.0,
                        0.0,
                        0.0,
                        1.0,
                        0.0,
                        0.0,
                        0.0,
                        0.0,
                        1.0,
                        0.0,
                        13.125,
                        3.93999981880188,
                        -20.75,
                        1.0
                    ]
                }
            ],
            "ID": 29,
            "Name": "Default Object"
        },
        {
            "Components": [
                {
                    "Type": "Transform",
                    "matrix": [
                        1.0,
                        0.0,
                        0.0,
                        0.0,
                        0.0,
                        1.0,
                        0.0,
                        0.0,
                        0.0,
                        0.0,
                        1.0,
                        0.0,
                        13.125,
                        4.259999752044678,
                        -21.75,
                        1.0
                    ]
                }
            ],
            "ID": 30,
            "Name": "Default Object"
        },
        {
            "Components": [
                {
                    "Type": "Transform",
                    "matrix": [
                        0.9656780362129211,
                        0.0,
                        -0.25964224338531494,
                        0.0,
                        0.0,
                        1.0,
                        0.0,
                        0.0,
                        0.25964224338531494,
                        0.0,
                        0.9656780362129211,
                        0.0,
                        8.0,
                        0.10000000149011612,
                        -7.75,
                        1.0
                    ]
                }
            ],
            "ID": 31,
            "Name": "Default Object"
        },
        {
            "Components": [
                {
                    "Type": "Transform",
                    "matrix": [
                        0.9656780362129211,
                        0.0,
                        -0.25964224338531494,
                        0.0,
                        0.0,
                        1.0,
                        0.0,
                        0.0,
                        0.25964224338531494,
                        0.0,
                        0.9656780362129211,
                        0.0,
                        7.699999809265137,
                        0.41999998688697815,
                        -8.75,
                        1.0
                    ]
                }
            ],
            "ID": 32,
            "Name": "Default Object"
        },
        {
            "Components": [
                {
                    "Type": "Transform",
                    "matrix": [
                        0.9656780362129211,
                        0.0,
                        -0.25964224338531494,
                        0.0,
                        0.0,
                        1.0,
                        0.0,
                        0.0,
                        0.25964224338531494,
                        0.0,
                        0.9656780362129211,
                        0.0,
                        7.400000095367432,
                        0.7400000095367432,
                        -9.75,
                        1.0
                    ]
                }
            ],
            "ID": 33,
            "Name": "Default Object"
        },
        {
            "Components": [
                {
                    "Type": "Transform",
                    "matrix": [
                        0.9656780362129211,
                        0.0,
                        -0.25964224338531494,
                        0.0,
                        0.0,
                        1.0,
                        0.0,
                        0.0,
                        0.25964224338531494,
                        0.0,
                        0.9656780362129211,
                        0.0,
                        7.099999904632568,
                        1.059999942779541,
                        -10.75,
                        1.0
                    ]
                }
            ],
            "ID": 34,
            "Name": "Default Object"
        },
        {
            "Components": [
                {
                    "Type": "Transform",
                    "matrix": [
                        0.9656780362129211,
                        0.0,
                        -0.25964224338531494,
                        0.0,
                        0.0,
                        1.0,
                        0.0,
                        0.0,
                        0.25964224338531494,
                        0.0,
                        0.9656780362129211,
                        0.0,
                        6.800000190734863,
                        1.3799999952316284,
                        -11.75,
                        1.0
                    ]
                }
            ],
            "ID": 35,
            "Name": "Default Object"
        },
        {
            "Components": [
                {
                    "Type": "Transform",
                    "matrix": [
                        0.9656780362129211,
                        0.0,
                        -0.25964224338531494,
                        0.0,
                        0.0,
                        1.0,
                        0.0,
                        0.0,
                        0.25964224338531494,
                        0.0,
                        0.9656780362129211,
                        0.0,
                        6.5,
                        1.7000000476837158,
                        -12.75,
                        1.0
                    ]
                }
            ],
            "ID": 36,
            "Name": "Default Object"
        },
        {
            "Components": [
                {
                    "Type": "Transform",
                    "matrix": [
                        0.9656780362129211,
                        0.0,
                        -0.25964224338531494,
                        0.0,
                        0.0,
                        1.0,
                        0.0,
                        0.0,
                        0.25964224338531494,
                        0.0,
                        0.9656780362129211,
                        0.0,
                        6.199999809265137,
                        2.0199999809265137,
                        -13.75,
                        1.0
                    ]
                }
            ],
            "ID": 37,
            "Name": "Default Object"
        },
        {
            "Components": [
                {
                    "Type": "Transform",
                    "matrix": [
                        0.9656780362129211,
                        0.0,
                        -0.25964224338531494,
                        0.0,
                        0.0,
                        1.0,
                        0.0,
                        0.0,
                        0.25964224338531494,
                        0.0,
                        0.9656780362129211,
                        0.0,
                        5.900000095367432,
                        2.3399999141693115,
                        -14.75,
                        1.0
                    ]
                }
            ],
            "ID": 38,
            "Name": "Default Object"
        },
        {
            "Components": [
                {
                    "Type": "Transform",
                    "matrix": [
                        0.9656780362129211,
                        0.0,
                        -0.25964224338531494,
                        0.0,
                        0.0,
                        1.0,
                        0.0,
                        0.0,
                        0.25964224338531494,
                        0.0,
                        0.9656780362129211,
                        0.0,
                        5.925000190734863,
                        2.6599998474121094,
                        -15.75,
                        1.0
                    ]
                }
            ],
            "ID": 39,
            "Name": "Default Object"
        },
        {
            "Components": [
                {
                    "Type": "Transform",
                    "matrix": [
                        0.9656780362129211,
                        0.0,
                        -0.25964224338531494,
                        0.0,
                        0.0,
                        1.0,
                        0.0,
                        0.0,
                        0.25964224338531494,
                        0.0,
                        0.9656780362129211,
                        0.0,
                        5.949999809265137,
                        2.9800000190734863,
                        -16.75,
                        1.0
                    ]
                }
            ],
            "ID": 40,
            "Name": "Default Object"
        },
        {
            "Components": [
                {
                    "Type": "Transform",
                    "matrix": [
                        0.9656780362129211,
                        0.0,
                        -0.25964224338531494,
                        0.0,
                        0.0,
                        1.0,
                        0.0,
                        0.0,
                        0.25964224338531494,
                        0.0,
                        0.9656780362129211,
                        0.0,
                        5.974999904632568,
                        3.299999952316284,
                        -17.75,
                        1.0
                    ]
                }
            ],
            "ID": 41,
            "Name": "Default Object"
        },
        {
            "Components": [
                {
                    "Type": "Transform",
                    "matrix": [
                        0.9656780362129211,
                        0.0,
                        -0.25964224338531494,
                        0.0,
                        0.0,
                        1.0,
                        0.0,
                        0.0,
                        0.25964224338531494,
                        0.0,
                        0.9656780362129211,
                        0.0,
                        6.0,
                        3.619999885559082,
                        -18.75,
                        1.0
                    ]
                }
            ],
            "ID": 42,
            "Name": "Default Object"
        },
        {
            "Components": [
                {
                    "Type": "Transform",
                    "matrix": [
                        0.9656780362129211,
                        0.0,
                        -0.25964224338531494,
                        0.0,
                        0.0,
                        1.0,
                        0.0,
                        0.0,
                        0.25964224338531494,
                        0.0,
                        0.9656780362129211,
                        0.0,
                        6.025000095367432,
                        3.93999981880188,
                        -19.75,
                        1.0
                    ]
                }
            ],
            "ID": 43,
            "Name": "Default Object"
        },
        {
            "Components": [
                {
                    "Type": "Transform",
                    "matrix": [
                        0.9656780362129211,
                        0.0,
                        -0.25964224338531494,
                        0.0,
                        0.0,
                        1.0,
                        0.0,
                        0.0,
                        0.25964224338531494,
                        0.0,
                        0.9656780362129211,
                        0.0,
                        5.050000190734863,
                        4.259999752044678,
                        -20.75,
                        1.0
                    ]
                }
            ],
            "ID": 44,
            "Name": "Default Object"
        },
        {
            "Components": [
                {
                    "Type": "Transform",
                    "matrix": [
                        0.9656780362129211,
                        0.0,
                        0.25964224338531494,
                        0.0,
                        0.0,
                        1.0,
                        0.0,
                        0.0,
                        -0.25964224338531494,
                        0.0,
                        0.9656780362129211,
                        0.0,
                        18.25,
                        0.10000000149011612,
                        -7.75,
                        1.0
                    ]
                }
            ],
            "ID": 45,
            "Name": "Default Object"
        },
        {
            "Components": [
                {
                    "Type": "Transform",
                    "matrix": [
                        0.9656780362129211,
                        0.0,
                        0.25964224338531494,
                        0.0,
                        0.0,
                        1.0,
                        0.0,
                        0.0,
                        -0.25964224338531494,
                        0.0,
                        0.9656780362129211,
                        0.0,
                        18.549999237060547,
                        0.41999998688697815,
                        -8.75,
                        1.0
                    ]
                }
            ],
            "ID": 46,
            "Name": "Default Object"
        },
        {
            "Components": [
                {
                    "Type": "Transform",
                    "matrix": [
                        0.9656780362129211,
                        0.0,
                        0.25964224338531494,
                        0.0,
                        0.0,
                        1.0,
                        0.0,
                        0.0,
                        -0.25964224338531494,
                        0.0,
                        0.9656780362129211,
                        0.0,
                        18.850000381469727,
                        0.7400000095367432,
                        -9.75,
                        1.0
                    ]
                }
            ],
            "ID": 47,
            "Name": "Default Object"
        },
        {
            "Components": [
                {
                    "Type": "Transform",
                    "matrix": [
                        0.9656780362129211,
                        0.0,
                        0.25964224338531494,
                        0.0,
                        0.0,
                        1.0,
                        0.0,
                        0.0,
                        -0.25964224338531494,
                        0.0,
                        0.9656780362129211,
                        0.0,
                        19.149999618530273,
                        1.059999942779541,
                        -10.75,
                        1.0
                    ]
                }
            ],
            "ID": 48,
            "Name": "Default Object"
        },
        {
            "Components": [
                {
                    "Type": "Transform",
                    "matrix": [
                        0.9656780362129211,
                        0.0,
                        0.25964224338531494,
                        0.0,
                        0.0,
                        1.0,
                        0.0,
                        0.0,
                        -0.25964224338531494,
                        0.0,
                        0.9656780362129211,
                        0.0,
                        19.450000762939453,
                        1.3799999952316284,
                        -11.75,
                        1.0
                    ]
                }
            ],
            "ID": 49,
            "Name": "Default Object"
        },
        {
            "Components": [
                {
                    "Type": "Transform",
                    "matrix": [
                        0.9656780362129211,
                        0.0,
