{
    "Lights": [],
    "Objects": [
        {
            "Components": [
                {
                    "Type": "Transform",
                    "matrix": [
                        1.0,
                        0.0,
                        0.0,
                        0.0,
                        0.0,
                        1.0,
                        0.0,
                        0.0,
                        0.0,
                        0.0,
                        1.0,
                        0.0,
                        12.604496002197266,
                        3.0,
                        0.38292205333709717,
                        1.0
                    ]
                }
            ],
            "ID": 0,
            "Name": "Player"
        },
        {
            "Components": [
                {
                    "Type": "Transform",
                    "matrix": [
                        1.0,
                        0.0,
                        0.0,
                        0.0,
                        0.0,
                        1.0,
                        0.0,
                        0.0,
                        0.0,
                        0.0,
                        1.0,
                        0.0,
                        18.920000076293945,
                        0.0,
                        -8.579999923706055,
                        1.0
                    ]
                }
            ],
            "ID": 1,
            "Name": "LectureTheatreEmpty"
        },
        {
            "Components": [
                {
                    "Type": "Transform",
                    "matrix": [
                        1.0,
                        0.0,
                        0.0,
                        0.0,
                        0.0,
                        1.0,
                        0.0,
                        0.0,
                        0.0,
                        0.0,
                        1.0,
                        0.0,
                        12.375,
                        0.46000000834465027,
                        -3.799999952316284,
                        1.0
                    ]
                }
            ],
            "ID": 2,
            "Name": "Desk"
        },
        {
            "Components": [
                {
                    "Type": "Transform",
                    "matrix": [
                        0.9999891519546509,
                        0.0009631814900785685,
                        -3.407114854780957e-05,
                        0.0,
                        -0.0009631001157686114,
                        0.9999877214431763,
                        0.002349507762119174,
                        0.0,
                        3.6334047763375565e-05,
                        -0.0023494695778936148,
                        0.9999864101409912,
                        0.0,
                        12.800000190734863,
                        0.9497653841972351,
                        -4.300000190734863,
                        1.0
                    ]
                }
            ],
            "ID": 3,
            "Name": "Laptop 1"
        },
        {
            "Components": [
                {
                    "Type": "Transform",
                    "matrix": [
                        0.9999889731407166,
                        0.0011328664841130376,
                        -0.00024314172333106399,
                        0.0,
                        -0.0011326143285259604,
                        0.9999892711639404,
                        0.0010385176865383983,
                        0.0,
                        0.0002443179546389729,
                        -0.001038240734487772,
                        0.9999890327453613,
                        0.0,
                        12.399097442626953,
                        0.9496376514434814,
                        -4.300112247467041,
                        1.0
                    ]
                }
            ],
            "ID": 4,
            "Name": "Laptop 2"
        },
        {
            "Components": [
                {
                    "Type": "Transform",
                    "matrix": [
                        0.8659796118736267,
                        4.1963878175010905e-05,
                        -0.5001401305198669,
                        0.0,
                        0.0007880478515289724,
                        0.9999875426292419,
                        0.00144838762935251,
                        0.0,
                        0.5001394748687744,
                        -0.0016484265215694904,
                        0.8659783005714417,
                        0.0,
                        8.0,
                        0.49955111742019653,
                        -6.5,
                        1.0
                    ]
                }
            ],
            "ID": 5,
            "Name": "Chair 1"
        },
        {
            "Components": [
                {
                    "Type": "Transform",
                    "matrix": [
                        0.8659474849700928,
                        0.0003619719936978072,
                        -0.5001904368400574,
                        0.0,
                        0.00022595003247261047,
                        0.999988853931427,
                        0.0011148331686854362,
                        0.0,
                        0.5001906752586365,
                        -0.0010784165933728218,
                        0.8659470081329346,
                        0.0,
                        8.399999618530273,
                        0.4994114339351654,
                        -5.800000190734863,
                        1.0
                    ]
                }
            ],
            "ID": 6,
            "Name": "Chair 2"
        },
        {
            "Components": [
                {
                    "Type": "Transform",
                    "matrix": [
                        0.8659583926200867,
                        -0.00041897461051121354,
                        -0.5001741051673889,
                        0.0,
                        0.0010045053204521537,
                        0.9999893307685852,
                        0.0009014654788188636,
                        0.0,
                        0.5001723766326904,
                        -0.0012830693740397692,
                        0.8659564852714539,
                        0.0,
                        8.800000190734863,
                        0.5001532435417175,
                        -5.099999904632568,
                        1.0
                    ]
                }
            ],
            "ID": 7,
            "Name": "Chair 3"
        },
        {
            "Components": [
                {
                    "Type": "Transform",
                    "matrix": [
                        0.8659310340881348,
                        0.0002687912783585489,
                        -0.5002257823944092,
                        0.0,
                        0.00018798311066348106,
                        0.9999894499778748,
                        0.0008627481292933226,
                        0.0,
                        0.5002253651618958,
                        -0.0008411221788264811,
                        0.8659299612045288,
                        0.0,
                        9.199999809265137,
                        0.49932077527046204,
                        -4.400000095367432,
                        1.0
                    ]
                }
            ],
            "ID": 8,
            "Name": "Chair 4"
        },
        {
            "Components": [
                {
                    "Type": "Transform",
                    "matrix": [
                        -0.8658460378646851,
                        0.0005377212073653936,
                        -0.5012572407722473,
                        0.0,
                        0.0013590985909104347,
                        0.9999881386756897,
                        -0.0012749049346894026,
                        0.0,
                        0.5012568235397339,
                        -0.0017851514276117086,
                        -0.8658471703529358,
                        0.0,
                        17.799999237060547,
                        0.49967944622039795,
                        -6.5,
                        1.0
                    ]
                }
            ],
            "ID": 9,
            "Name": "Chair 5"
        },
        {
            "Components": [
                {
                    "Type": "Transform",
                    "matrix": [
                        -0.8658628463745117,
                        0.0001968079450307414,
                        -0.5011997222900391,
                        0.0,
                        0.0006611389108002186,
                        0.9999902248382568,
                        -0.000749500934034586,
                        0.0,
                        0.5011993646621704,
                        -0.000980336801148951,
                        -0.8658626079559326,
                        0.0,
                        17.399999618530273,
                        0.49987486004829407,
                        -5.800000190734863,
                        1.0
                    ]
                }
            ],
            "ID": 10,
            "Name": "Chair 6"
        },
        {
            "Components": [
                {
                    "Type": "Transform",
                    "matrix": [
                        1.0,
                        0.0,
                        0.0,
                        0.0,
                        0.0,
                        1.0,
                        0.0,
                        0.0,
                        0.0,
                        0.0,
                        1.0,
                        0.0,
                        15.0,
                        0.0,
                        -15.0,
                        1.0
                    ]
                }
            ],
            "ID": 11,
            "Name": "Default Object"
        },
        {
            "Components": [
                {
                    "Type": "Transform",
                    "matrix": [
                        1.0,
                        0.0,
                        0.0,
                        0.0,
                        0.0,
                        1.0,
                        0.0,
                        0.0,
                        0.0,
                        0.0,
                        1.0,
                        0.0,
                        13.125,
                        0.30000001192092896,
                        -4.25,
                        1.0
                    ]
                }
            ],
            "ID": 12,
            "Name": "Default Object"
        },
        {
            "Components": [
                {
                    "Type": "Transform",
                    "matrix": [
                        0.9994040131568909,
                        -0.032534051686525345,
                        -0.011526010930538177,
                        0.0,
                        0.03451348468661308,
                        0.9449716210365295,
                        0.3252784013748169,
                        0.0,
                        0.0003091277612838894,
                        -0.32548248767852783,
                        0.9455317258834839,
                        0.0,
                        9.75,
                        0.25,
                        -10.0,
                        1.0
                    ]
                }
            ],
            "ID": 13,
            "Name": "Default Object"
        },
        {
            "Components": [
                {
                    "Type": "Transform",
                    "matrix": [
                        0.8658379912376404,
                        0.0,
                        -0.5003880262374878,
                        0.0,
                        0.0,
                        1.0,
                        0.0,
                        0.0,
                        0.5003880262374878,
                        0.0,
                        0.8658379912376404,
                        0.0,
                        7.0,
                        0.25,
                        -6.5,
                        1.0
                    ]
                }
            ],
            "ID": 14,
            "Name": "Default Object"
        },
        {
            "Components": [
                {
                    "Type": "Transform",
                    "matrix": [
                        0.8658379912376404,
                        0.0,
                        0.5003880262374878,
                        0.0,
                        0.0,
                        1.0,
                        0.0,
                        0.0,
                        -0.5003880262374878,
                        0.0,
                        0.8658379912376404,
                        0.0,
                        18.5,
                        0.25,
                        -6.5,
                        1.0
                    ]
                }
            ],
            "ID": 15,
            "Name": "Default Object"
        },
        {
            "Components": [
                {
                    "Type": "Transform",
                    "matrix": [
                        1.0,
                        0.0,
                        0.0,
                        0.0,
                        0.0,
                        1.0,
                        0.0,
                        0.0,
                        0.0,
                        0.0,
                        1.0,
                        0.0,
                        12.0,
                        0.25,
                        -1.774999976158142,
                        1.0
                    ]
                }
            ],
            "ID": 16,
            "Name": "Default Object"
        },
        {
            "Components": [
                {
                    "Type": "Transform",
                    "matrix": [
                        1.0,
                        0.0,
                        0.0,
                        0.0,
                        0.0,
                        1.0,
                        0.0,
                        0.0,
                        0.0,
                        0.0,
                        1.0,
                        0.0,
                        13.125,
                        0.10000000149011612,
                        -8.75,
                        1.0
                    ]
                }
            ],
            "ID": 17,
            "Name": "Default Object"
        },
        {
            "Components": [
                {
                    "Type": "Transform",
                    "matrix": [
                        1.0,
                        0.0,
                        0.0,
                        0.0,
                        0.0,
                        1.0,
                        0.0,
                        0.0,
                        0.0,
                        0.0,
                        1.0,
                        0.0,
                        13.125,
                        0.41999998688697815,
                        -9.75,
                        1.0
                    ]
                }
            ],
            "ID": 18,
            "Name": "Default Object"
        },
        {
            "Components": [
                {
                    "Type": "Transform",
                    "matrix": [
                        1.0,
                        0.0,
                        0.0,
                        0.0,
                        0.0,
                        1.0,
                        0.0,
                        0.0,
                        0.0,
                        0.0,
                        1.0,
                        0.0,
                        13.125,
                        0.7400000095367432,
                        -10.75,
                        1.0
                    ]
                }
            ],
            "ID": 19,
            "Name": "Default Object"
        },
        {
            "Components": [
                {
                    "Type": "Transform",
                    "matrix": [
                        1.0,
                        0.0,
                        0.0,
                        0.0,
                        0.0,
                        1.0,
                        0.0,
                        0.0,
                        0.0,
                        0.0,
                        1.0,
                        0.0,
                        13.125,
                        1.059999942779541,
                        -11.75,
                        1.0
                    ]
                }
            ],
            "ID": 20,
            "Name": "Default Object"
        },
        {
            "Components": [
                {
                    "Type": "Transform",
                    "matrix": [
                        1.0,
                        0.0,
                        0.0,
                        0.0,
                        0.0,
                        1.0,
                        0.0,
                        0.0,
                        0.0,
                        0.0,
                        1.0,
                        0.0,
                        13.125,
                        1.3799999952316284,
                        -12.75,
                        1.0
                    ]
                }
            ],
            "ID": 21,
            "Name": "Default Object"
        },
        {
            "Components": [
                {
                    "Type": "Transform",
                    "matrix": [
                        1.0,
                        0.0,
                        0.0,
                        0.0,
                        0.0,
                        1.0,
                        0.0,
                        0.0,
                        0.0,
                        0.0,
                        1.0,
                        0.0,
                        13.125,
                        1.7000000476837158,
                        -13.75,
                        1.0
                    ]
                }
            ],
            "ID": 22,
            "Name": "Default Object"
        },
        {
            "Components": [
                {
                    "Type": "Transform",
                    "matrix": [
                        1.0,
                        0.0,
                        0.0,
                        0.0,
                        0.0,
                        1.0,
                        0.0,
                        0.0,
                        0.0,
                        0.0,
                        1.0,
                        0.0,
                        13.125,
                        2.0199999809265137,
                        -14.75,
                        1.0
                    ]
                }
            ],
            "ID": 23,
            "Name": "Default Object"
        },
        {
            "Components": [
                {
                    "Type": "Transform",
                    "matrix": [
                        1.0,
                        0.0,
                        0.0,
                        0.0,
                        0.0,
                        1.0,
                        0.0,
                        0.0,
                        0.0,
                        0.0,
                        1.0,
                        0.0,
                        13.125,
                        2.3399999141693115,
                        -15.75,
                        1.0
                    ]
                }
            ],
            "ID": 24,
            "Name": "Default Object"
        },
        {
            "Components": [
                {
                    "Type": "Transform",
                    "matrix": [
                        1.0,
                        0.0,
                        0.0,
                        0.0,
                        0.0,
                        1.0,
                        0.0,
                        0.0,
                        0.0,
                        0.0,
                        1.0,
                        0.0,
                        13.125,
                        2.6599998474121094,
                        -16.75,
                        1.0
                    ]
                }
            ],
            "ID": 25,
            "Name": "Default Object"
        },
        {
            "Components": [
                {
                    "Type": "Transform",
                    "matrix": [
                        1.0,
                        0.0,
                        0.0,
                        0.0,
                        0.0,
                        1.0,
                        0.0,
                        0.0,
                        0.0,
                        0.0,
                        1.0,
                        0.0,
                        13.125,
                        2.9800000190734863,
                        -17.75,
                        1.0
                    ]
                }
            ],
            "ID": 26,
            "Name": "Default Object"
        },
        {
            "Components": [
                {
                    "Type": "Transform",
                    "matrix": [
                        1.0,
                        0.0,
                        0.0,
                        0.0,
                        0.0,
                        1.0,
                        0.0,
                        0.0,
                        0.0,
                        0.0,
                        1.0,
                        0.0,
                        13.125,
                        3.299999952316284,
                        -18.75,
                        1.0
                    ]
                }
            ],
            "ID": 27,
            "Name": "Default Object"
        },
        {
            "Components": [
                {
                    "Type": "Transform",
                    "matrix": [
                        1.0,
                        0.0,
                        0.0,
                        0.0,
                        0.0,
                        1.0,
                        0.0,
                        0.0,
                        0.0,
                        0.0,
                        1.0,
                        0.0,
                        13.125,
                        3.619999885559082,
                        -19.75,
                        1.0
                    ]
                }
            ],
            "ID": 28,
            "Name": "Default Object"
        },
        {
            "Components": [
                {
                    "Type": "Transform",
                    "matrix": [
                        1.0,
                        0.0,
                        0.0,
                        0.0,
                        0.0,
                        1.0,
                        0.0,
                        0.0,
                        0.0,
                        0.0,
                        1.0,
                        0.0,
                        13.125,
                        3.93999981880188,
                        -20.75,
                        1.0
                    ]
                }
            ],
            "ID": 29,
            "Name": "Default Object"
        },
        {
            "Components": [
                {
                    "Type": "Transform",
                    "matrix": [
                        1.0,
                        0.0,
                        0.0,
                        0.0,
                        0.0,
                        1.0,
                        0.0,
                        0.0,
                        0.0,
                        0.0,
                        1.0,
                        0.0,
                        13.125,
                        4.259999752044678,
                        -21.75,
                        1.0
                    ]
                }
            ],
            "ID": 30,
            "Name": "Default Object"
        },
        {
            "Components": [
                {
                    "Type": "Transform",
                    "matrix": [
                        0.9656780362129211,
                        0.0,
                        -0.25964221358299255,
                        0.0,
                        0.0,
                        1.0,
                        0.0,
                        0.0,
                        0.25964221358299255,
                        0.0,
                        0.9656780362129211,
                        0.0,
                        8.0,
                        0.10000000149011612,
                        -7.75,
                        1.0
                    ]
                }
            ],
            "ID": 31,
            "Name": "Default Object"
        },
        {
            "Components": [
                {
                    "Type": "Transform",
                    "matrix": [
                        0.9656780362129211,
                        0.0,
                        -0.25964221358299255,
                        0.0,
                        0.0,
                        1.0,
                        0.0,
                        0.0,
                        0.25964221358299255,
                        0.0,
                        0.9656780362129211,
                        0.0,
                        7.699999809265137,
                        0.41999998688697815,
                        -8.75,
                        1.0
                    ]
                }
            ],
            "ID": 32,
            "Name": "Default Object"
        },
        {
            "Components": [
                {
                    "Type": "Transform",
                    "matrix": [
                        0.9656780362129211,
                        0.0,
                        -0.25964221358299255,
                        0.0,
                        0.0,
                        1.0,
                        0.0,
                        0.0,
                        0.25964221358299255,
                        0.0,
                        0.9656780362129211,
                        0.0,
                        7.400000095367432,
                        0.7400000095367432,
                        -9.75,
                        1.0
                    ]
                }
            ],
            "ID": 33,
            "Name": "Default Object"
        },
        {
            "Components": [
                {
                    "Type": "Transform",
                    "matrix": [
                        0.9656780362129211,
                        0.0,
                        -0.25964221358299255,
                        0.0,
                        0.0,
                        1.0,
                        0.0,
                        0.0,
                        0.25964221358299255,
                        0.0,
                        0.9656780362129211,
                        0.0,
                        7.099999904632568,
                        1.059999942779541,
                        -10.75,
                        1.0
                    ]
                }
            ],
            "ID": 34,
            "Name": "Default Object"
        },
        {
            "Components": [
                {
                    "Type": "Transform",
                    "matrix": [
                        0.9656780362129211,
                        0.0,
                        -0.25964221358299255,
                        0.0,
                        0.0,
                        1.0,
                        0.0,
                        0.0,
                        0.25964221358299255,
                        0.0,
                        0.9656780362129211,
                        0.0,
                        6.800000190734863,
                        1.3799999952316284,
                        -11.75,
                        1.0
                    ]
                }
            ],
            "ID": 35,
            "Name": "Default Object"
        },
        {
            "Components": [
                {
                    "Type": "Transform",
                    "matrix": [
                        0.9656780362129211,
                        0.0,
                        -0.25964221358299255,
                        0.0,
                        0.0,
                        1.0,
                        0.0,
                        0.0,
                        0.25964221358299255,
                        0.0,
                        0.9656780362129211,
                        0.0,
                        6.5,
                        1.7000000476837158,
                        -12.75,
                        1.0
                    ]
                }
            ],
            "ID": 36,
            "Name": "Default Object"
        },
        {
            "Components": [
                {
                    "Type": "Transform",
                    "matrix": [
                        0.9656780362129211,
                        0.0,
                        -0.25964221358299255,
                        0.0,
                        0.0,
                        1.0,
                        0.0,
                        0.0,
                        0.25964221358299255,
                        0.0,
                        0.9656780362129211,
                        0.0,
                        6.199999809265137,
                        2.0199999809265137,
                        -13.75,
                        1.0
                    ]
                }
            ],
            "ID": 37,
            "Name": "Default Object"
        },
        {
            "Components": [
                {
                    "Type": "Transform",
                    "matrix": [
                        0.9656780362129211,
                        0.0,
                        -0.25964221358299255,
                        0.0,
                        0.0,
                        1.0,
                        0.0,
                        0.0,
                        0.25964221358299255,
                        0.0,
                        0.9656780362129211,
                        0.0,
                        5.900000095367432,
                        2.3399999141693115,
                        -14.75,
                        1.0
                    ]
                }
            ],
            "ID": 38,
            "Name": "Default Object"
        },
        {
            "Components": [
                {
                    "Type": "Transform",
                    "matrix": [
                        0.9656780362129211,
                        0.0,
                        -0.25964221358299255,
                        0.0,
                        0.0,
                        1.0,
                        0.0,
                        0.0,
                        0.25964221358299255,
                        0.0,
                        0.9656780362129211,
                        0.0,
                        5.925000190734863,
                        2.6599998474121094,
                        -15.75,
                        1.0
                    ]
                }
            ],
            "ID": 39,
            "Name": "Default Object"
        },
        {
            "Components": [
                {
                    "Type": "Transform",
                    "matrix": [
                        0.9656780362129211,
                        0.0,
                        -0.25964221358299255,
                        0.0,
                        0.0,
                        1.0,
                        0.0,
                        0.0,
                        0.25964221358299255,
                        0.0,
                        0.9656780362129211,
                        0.0,
                        5.949999809265137,
                        2.9800000190734863,
                        -16.75,
                        1.0
                    ]
                }
            ],
            "ID": 40,
            "Name": "Default Object"
        },
        {
            "Components": [
                {
                    "Type": "Transform",
                    "matrix": [
                        0.9656780362129211,
                        0.0,
                        -0.25964221358299255,
                        0.0,
                        0.0,
                        1.0,
                        0.0,
                        0.0,
                        0.25964221358299255,
                        0.0,
                        0.9656780362129211,
                        0.0,
                        5.974999904632568,
                        3.299999952316284,
                        -17.75,
                        1.0
                    ]
                }
            ],
            "ID": 41,
            "Name": "Default Object"
        },
        {
            "Components": [
                {
                    "Type": "Transform",
                    "matrix": [
                        0.9656780362129211,
                        0.0,
                        -0.25964221358299255,
                        0.0,
                        0.0,
                        1.0,
                        0.0,
                        0.0,
                        0.25964221358299255,
                        0.0,
                        0.9656780362129211,
                        0.0,
                        6.0,
                        3.619999885559082,
                        -18.75,
                        1.0
                    ]
                }
            ],
            "ID": 42,
            "Name": "Default Object"
        },
        {
            "Components": [
                {
                    "Type": "Transform",
                    "matrix": [
                        0.9656780362129211,
                        0.0,
                        -0.25964221358299255,
                        0.0,
                        0.0,
                        1.0,
                        0.0,
                        0.0,
                        0.25964221358299255,
                        0.0,
                        0.9656780362129211,
                        0.0,
                        6.025000095367432,
                        3.93999981880188,
                        -19.75,
                        1.0
                    ]
                }
            ],
            "ID": 43,
            "Name": "Default Object"
        },
        {
            "Components": [
                {
                    "Type": "Transform",
                    "matrix": [
                        0.9656780362129211,
                        0.0,
                        -0.25964221358299255,
                        0.0,
                        0.0,
                        1.0,
                        0.0,
                        0.0,
                        0.25964221358299255,
                        0.0,
                        0.9656780362129211,
                        0.0,
                        5.050000190734863,
                        4.259999752044678,
                        -20.75,
                        1.0
                    ]
                }
            ],
            "ID": 44,
            "Name": "Default Object"
        },
        {
            "Components": [
                {
                    "Type": "Transform",
                    "matrix": [
                        0.9656780362129211,
                        0.0,
                        0.25964221358299255,
                        0.0,
                        0.0,
                        1.0,
                        0.0,
                        0.0,
                        -0.25964221358299255,
                        0.0,
                        0.9656780362129211,
                        0.0,
                        18.25,
                        0.10000000149011612,
                        -7.75,
                        1.0
                    ]
                }
            ],
            "ID": 45,
            "Name": "Default Object"
        },
        {
            "Components": [
                {
                    "Type": "Transform",
                    "matrix": [
                        0.9656780362129211,
                        0.0,
                        0.25964221358299255,
                        0.0,
                        0.0,
                        1.0,
                        0.0,
                        0.0,
                        -0.25964221358299255,
                        0.0,
                        0.9656780362129211,
                        0.0,
                        18.549999237060547,
                        0.41999998688697815,
                        -8.75,
                        1.0
                    ]
                }
            ],
            "ID": 46,
            "Name": "Default Object"
        },
        {
            "Components": [
                {
                    "Type": "Transform",
                    "matrix": [
                        0.9656780362129211,
                        0.0,
                        0.25964221358299255,
                        0.0,
                        0.0,
                        1.0,
                        0.0,
                        0.0,
                        -0.25964221358299255,
                        0.0,
                        0.9656780362129211,
                        0.0,
                        18.850000381469727,
                        0.7400000095367432,
                        -9.75,
                        1.0
                    ]
                }
            ],
            "ID": 47,
            "Name": "Default Object"
        },
        {
            "Components": [
                {
                    "Type": "Transform",
                    "matrix": [
                        0.9656780362129211,
                        0.0,
                        0.25964221358299255,
                        0.0,
                        0.0,
                        1.0,
                        0.0,
                        0.0,
                        -0.25964221358299255,
                        0.0,
                        0.9656780362129211,
                        0.0,
                        19.149999618530273,
                        1.059999942779541,
                        -10.75,
                        1.0
                    ]
                }
            ],
            "ID": 48,
            "Name": "Default Object"
        },
        {
            "Components": [
                {
                    "Type": "Transform",
                    "matrix": [
                        0.9656780362129211,
                        0.0,
                        0.25964221358299255,
                        0.0,
                        0.0,
                        1.0,
                        0.0,
                        0.0,
                        -0.25964221358299255,
                        0.0,
                        0.9656780362129211,
                        0.0,
                        19.450000762939453,
                        1.3799999952316284,
                        -11.75,
                        1.0
                    ]
                }
            ],
            "ID": 49,
            "Name": "Default Object"
        },
        {
            "Components": [
                {
                    "Type": "Transform",
                    "matrix": [
                        0.9656780362129211,
                        0.0,
