{
    "Lights": [],
    "Objects": [
        {
            "Components": [
                {
                    "Type": "Transform",
                    "matrix": [
                        1.0,
                        0.0,
                        0.0,
                        0.0,
                        0.0,
                        1.0,
                        0.0,
                        0.0,
                        0.0,
                        0.0,
                        1.0,
                        0.0,
                        11.281342506408691,
                        3.0,
                        1.1866028308868408,
                        1.0
                    ]
                }
            ],
            "ID": 0,
            "Name": "Player"
        },
        {
            "Components": [
                {
                    "Type": "Transform",
                    "matrix": [
                        1.0,
                        0.0,
                        0.0,
                        0.0,
                        0.0,
                        1.0,
                        0.0,
                        0.0,
                        0.0,
                        0.0,
                        1.0,
                        0.0,
                        18.920000076293945,
                        0.0,
                        -8.579999923706055,
                        1.0
                    ]
                }
            ],
            "ID": 1,
            "Name": "LectureTheatreEmpty"
        },
        {
            "Components": [
                {
                    "Type": "Transform",
                    "matrix": [
                        1.0,
                        0.0,
                        0.0,
                        0.0,
                        0.0,
                        1.0,
                        0.0,
                        0.0,
                        0.0,
                        0.0,
                        1.0,
                        0.0,
                        12.375,
                        0.46000000834465027,
                        -3.799999952316284,
                        1.0
                    ]
                }
            ],
            "ID": 2,
            "Name": "Desk"
        },
        {
            "Components": [
                {
                    "Type": "Transform",
                    "matrix": [
                        0.9999932050704956,
                        0.0012779642129316926,
                        -3.3297874324489385e-05,
                        0.0,
                        -0.001277914154343307,
                        0.999993085861206,
                        0.0014934323262423277,
                        0.0,
                        3.520631435094401e-05,
                        -0.0014933844795450568,
                        0.9999911189079285,
                        0.0,
                        12.800000190734863,
                        0.9495772123336792,
                        -4.300000190734863,
                        1.0
                    ]
                }
            ],
            "ID": 3,
            "Name": "Laptop 1"
        },
        {
            "Components": [
                {
                    "Type": "Transform",
                    "matrix": [
                        0.9999904632568359,
                        0.0014721056213602424,
                        -0.00018006391474045813,
                        0.0,
                        -0.001471692114137113,
                        0.9999903440475464,
                        0.002296008402481675,
                        0.0,
                        0.00018344350974075496,
                        -0.0022957385517656803,
                        0.9999904632568359,
                        0.0,
                        12.399314880371094,
                        0.9496994018554688,
                        -4.300085067749023,
                        1.0
                    ]
                }
            ],
            "ID": 4,
            "Name": "Laptop 2"
        },
        {
            "Components": [
                {
                    "Type": "Transform",
                    "matrix": [
                        0.8659807443618774,
                        0.0003991329576820135,
                        -0.5001389384269714,
                        0.0,
                        0.0004629307077266276,
                        0.9999924302101135,
                        0.0015995936701074243,
                        0.0,
                        0.5001388788223267,
                        -0.0016167567810043693,
                        0.8659792542457581,
                        0.0,
                        8.0,
                        0.49967747926712036,
                        -6.5,
                        1.0
                    ]
                }
            ],
            "ID": 5,
            "Name": "Chair 1"
        },
        {
            "Components": [
                {
                    "Type": "Transform",
                    "matrix": [
                        0.8659496903419495,
                        0.00041904134559445083,
                        -0.500190794467926,
                        0.0,
                        0.0003454619145486504,
                        0.9999922513961792,
                        0.0014358337502926588,
                        0.0,
                        0.5001912117004395,
                        -0.0014161672443151474,
                        0.8659493327140808,
                        0.0,
                        8.399999618530273,
                        0.49955835938453674,
                        -5.800000190734863,
                        1.0
                    ]
                }
            ],
            "ID": 6,
            "Name": "Chair 2"
        },
        {
            "Components": [
                {
                    "Type": "Transform",
                    "matrix": [
                        0.8659594655036926,
                        0.0004418501048348844,
                        -0.5001731514930725,
                        0.0,
                        0.00036574434489011765,
                        0.9999943971633911,
                        0.001516609569080174,
                        0.0,
                        0.5001727938652039,
                        -0.0014962630812078714,
                        0.8659574389457703,
                        0.0,
                        8.800000190734863,
                        0.4994978904724121,
                        -5.099999904632568,
                        1.0
                    ]
                }
            ],
            "ID": 7,
            "Name": "Chair 3"
        },
        {
            "Components": [
                {
                    "Type": "Transform",
                    "matrix": [
                        0.8659335970878601,
                        0.0004009010153822601,
                        -0.5002222657203674,
                        0.0,
                        0.0005609610816463828,
                        0.9999926686286926,
                        0.0017725181533023715,
                        0.0,
                        0.5002212524414063,
                        -0.001815495197661221,
                        0.8659303188323975,
                        0.0,
                        9.199999809265137,
                        0.4996374547481537,
                        -4.400000095367432,
                        1.0
                    ]
                }
            ],
            "ID": 8,
            "Name": "Chair 4"
        },
        {
            "Components": [
                {
                    "Type": "Transform",
                    "matrix": [
                        -0.8658319115638733,
                        -2.5759836717043072e-05,
                        -0.5012528300285339,
                        0.0,
                        0.0009384442819282413,
                        0.9999921917915344,
                        -0.0016723985318094492,
                        0.0,
                        0.5012533664703369,
                        -0.0019184298580512404,
                        -0.8658327460289001,
                        0.0,
                        17.799999237060547,
                        0.49970683455467224,
                        -6.5,
                        1.0
                    ]
                }
            ],
            "ID": 9,
            "Name": "Chair 5"
        },
        {
            "Components": [
                {
                    "Type": "Transform",
                    "matrix": [
                        -0.8658592700958252,
                        0.00022161006927490234,
                        -0.5011979937553406,
                        0.0,
                        0.0006970323738642037,
                        0.9999937415122986,
                        -0.0007620205287821591,
                        0.0,
                        0.5011977553367615,
                        -0.0010091598378494382,
                        -0.86585932970047,
                        0.0,
                        17.399999618530273,
                        0.49986761808395386,
                        -5.800000190734863,
                        1.0
                    ]
                }
            ],
            "ID": 10,
            "Name": "Chair 6"
        },
        {
            "Components": [
                {
                    "Type": "Transform",
                    "matrix": [
                        1.0,
                        0.0,
                        0.0,
                        0.0,
                        0.0,
                        1.0,
                        0.0,
                        0.0,
                        0.0,
                        0.0,
                        1.0,
                        0.0,
                        15.0,
                        0.0,
                        -15.0,
                        1.0
                    ]
                }
            ],
            "ID": 11,
            "Name": "Default Object"
        },
        {
            "Components": [
                {
                    "Type": "Transform",
                    "matrix": [
                        1.0,
                        0.0,
                        0.0,
                        0.0,
                        0.0,
                        1.0,
                        0.0,
                        0.0,
                        0.0,
                        0.0,
                        1.0,
                        0.0,
                        13.125,
                        0.30000001192092896,
                        -4.25,
                        1.0
                    ]
                }
            ],
            "ID": 12,
            "Name": "Default Object"
        },
        {
            "Components": [
                {
                    "Type": "Transform",
                    "matrix": [
                        0.9994040131568909,
                        -0.032534051686525345,
                        -0.011526010930538177,
                        0.0,
                        0.03451348468661308,
                        0.9449716210365295,
                        0.3252784013748169,
                        0.0,
                        0.0003091277612838894,
                        -0.32548248767852783,
                        0.9455317258834839,
                        0.0,
                        9.75,
                        0.25,
                        -10.0,
                        1.0
                    ]
                }
            ],
            "ID": 13,
            "Name": "Default Object"
        },
        {
            "Components": [
                {
                    "Type": "Transform",
                    "matrix": [
                        0.8658379912376404,
                        0.0,
                        -0.5003880262374878,
                        0.0,
                        0.0,
                        1.0,
                        0.0,
                        0.0,
                        0.5003880262374878,
                        0.0,
                        0.8658379912376404,
                        0.0,
                        7.0,
                        0.25,
                        -6.5,
                        1.0
                    ]
                }
            ],
            "ID": 14,
            "Name": "Default Object"
        },
        {
            "Components": [
                {
                    "Type": "Transform",
                    "matrix": [
                        0.8658379912376404,
                        0.0,
                        0.5003880262374878,
                        0.0,
                        0.0,
                        1.0,
                        0.0,
                        0.0,
                        -0.5003880262374878,
                        0.0,
                        0.8658379912376404,
                        0.0,
                        18.5,
                        0.25,
                        -6.5,
                        1.0
                    ]
                }
            ],
            "ID": 15,
            "Name": "Default Object"
        },
        {
            "Components": [
                {
                    "Type": "Transform",
                    "matrix": [
                        1.0,
                        0.0,
                        0.0,
                        0.0,
                        0.0,
                        1.0,
                        0.0,
                        0.0,
                        0.0,
                        0.0,
                        1.0,
                        0.0,
                        12.0,
                        0.25,
                        -1.774999976158142,
                        1.0
                    ]
                }
            ],
            "ID": 16,
            "Name": "Default Object"
        },
        {
            "Components": [
                {
                    "Type": "Transform",
                    "matrix": [
                        1.0,
                        0.0,
                        0.0,
                        0.0,
                        0.0,
                        1.0,
                        0.0,
                        0.0,
                        0.0,
                        0.0,
                        1.0,
                        0.0,
                        13.125,
                        0.10000000149011612,
                        -8.75,
                        1.0
                    ]
                }
            ],
            "ID": 17,
            "Name": "Default Object"
        },
        {
            "Components": [
                {
                    "Type": "Transform",
                    "matrix": [
                        1.0,
                        0.0,
                        0.0,
                        0.0,
                        0.0,
                        1.0,
                        0.0,
                        0.0,
                        0.0,
                        0.0,
                        1.0,
                        0.0,
                        13.125,
                        0.41999998688697815,
                        -9.75,
                        1.0
                    ]
                }
            ],
            "ID": 18,
            "Name": "Default Object"
        },
        {
            "Components": [
                {
                    "Type": "Transform",
                    "matrix": [
                        1.0,
                        0.0,
                        0.0,
                        0.0,
                        0.0,
                        1.0,
                        0.0,
                        0.0,
                        0.0,
                        0.0,
                        1.0,
                        0.0,
                        13.125,
                        0.7400000095367432,
                        -10.75,
                        1.0
                    ]
                }
            ],
            "ID": 19,
            "Name": "Default Object"
        },
        {
            "Components": [
                {
                    "Type": "Transform",
                    "matrix": [
                        1.0,
                        0.0,
                        0.0,
                        0.0,
                        0.0,
                        1.0,
                        0.0,
                        0.0,
                        0.0,
                        0.0,
                        1.0,
                        0.0,
                        13.125,
                        1.059999942779541,
                        -11.75,
                        1.0
                    ]
                }
            ],
            "ID": 20,
            "Name": "Default Object"
        },
        {
            "Components": [
                {
                    "Type": "Transform",
                    "matrix": [
                        1.0,
                        0.0,
                        0.0,
                        0.0,
                        0.0,
                        1.0,
                        0.0,
                        0.0,
                        0.0,
                        0.0,
                        1.0,
                        0.0,
                        13.125,
                        1.3799999952316284,
                        -12.75,
                        1.0
                    ]
                }
            ],
            "ID": 21,
            "Name": "Default Object"
        },
        {
            "Components": [
                {
                    "Type": "Transform",
                    "matrix": [
                        1.0,
                        0.0,
                        0.0,
                        0.0,
                        0.0,
                        1.0,
                        0.0,
                        0.0,
                        0.0,
                        0.0,
                        1.0,
                        0.0,
                        13.125,
                        1.7000000476837158,
                        -13.75,
                        1.0
                    ]
                }
            ],
            "ID": 22,
            "Name": "Default Object"
        },
        {
            "Components": [
                {
                    "Type": "Transform",
                    "matrix": [
                        1.0,
                        0.0,
                        0.0,
                        0.0,
                        0.0,
                        1.0,
                        0.0,
                        0.0,
                        0.0,
                        0.0,
                        1.0,
                        0.0,
                        13.125,
                        2.0199999809265137,
                        -14.75,
                        1.0
                    ]
                }
            ],
            "ID": 23,
            "Name": "Default Object"
        },
        {
            "Components": [
                {
                    "Type": "Transform",
                    "matrix": [
                        1.0,
                        0.0,
                        0.0,
                        0.0,
                        0.0,
                        1.0,
                        0.0,
                        0.0,
                        0.0,
                        0.0,
                        1.0,
                        0.0,
                        13.125,
                        2.3399999141693115,
                        -15.75,
                        1.0
                    ]
                }
            ],
            "ID": 24,
            "Name": "Default Object"
        },
        {
            "Components": [
                {
                    "Type": "Transform",
                    "matrix": [
                        1.0,
                        0.0,
                        0.0,
                        0.0,
                        0.0,
                        1.0,
                        0.0,
                        0.0,
                        0.0,
                        0.0,
                        1.0,
                        0.0,
                        13.125,
                        2.6599998474121094,
                        -16.75,
                        1.0
                    ]
                }
            ],
            "ID": 25,
            "Name": "Default Object"
        },
        {
            "Components": [
                {
                    "Type": "Transform",
                    "matrix": [
                        1.0,
                        0.0,
                        0.0,
                        0.0,
                        0.0,
                        1.0,
                        0.0,
                        0.0,
                        0.0,
                        0.0,
                        1.0,
                        0.0,
                        13.125,
                        2.9800000190734863,
                        -17.75,
                        1.0
                    ]
                }
            ],
            "ID": 26,
            "Name": "Default Object"
        },
        {
            "Components": [
                {
                    "Type": "Transform",
                    "matrix": [
                        1.0,
                        0.0,
                        0.0,
                        0.0,
                        0.0,
                        1.0,
                        0.0,
                        0.0,
                        0.0,
                        0.0,
                        1.0,
                        0.0,
                        13.125,
                        3.299999952316284,
                        -18.75,
                        1.0
                    ]
                }
            ],
            "ID": 27,
            "Name": "Default Object"
        },
        {
            "Components": [
                {
                    "Type": "Transform",
                    "matrix": [
                        1.0,
                        0.0,
                        0.0,
                        0.0,
                        0.0,
                        1.0,
                        0.0,
                        0.0,
                        0.0,
                        0.0,
                        1.0,
                        0.0,
                        13.125,
                        3.619999885559082,
                        -19.75,
                        1.0
                    ]
                }
            ],
            "ID": 28,
            "Name": "Default Object"
        },
        {
            "Components": [
                {
                    "Type": "Transform",
                    "matrix": [
                        1.0,
                        0.0,
                        0.0,
                        0.0,
                        0.0,
                        1.0,
                        0.0,
                        0.0,
                        0.0,
                        0.0,
                        1.0,
                        0.0,
                        13.125,
                        3.93999981880188,
                        -20.75,
                        1.0
                    ]
                }
            ],
            "ID": 29,
            "Name": "Default Object"
        },
        {
            "Components": [
                {
                    "Type": "Transform",
                    "matrix": [
                        1.0,
                        0.0,
                        0.0,
                        0.0,
                        0.0,
                        1.0,
                        0.0,
                        0.0,
                        0.0,
                        0.0,
                        1.0,
                        0.0,
                        13.125,
                        4.259999752044678,
                        -21.75,
                        1.0
                    ]
                }
            ],
            "ID": 30,
            "Name": "Default Object"
        },
        {
            "Components": [
                {
                    "Type": "Transform",
                    "matrix": [
                        0.9656780362129211,
                        0.0,
                        -0.25964224338531494,
                        0.0,
                        0.0,
                        1.0,
                        0.0,
                        0.0,
                        0.25964224338531494,
                        0.0,
                        0.9656780362129211,
                        0.0,
                        8.0,
                        0.10000000149011612,
                        -7.75,
                        1.0
                    ]
                }
            ],
            "ID": 31,
            "Name": "Default Object"
        },
        {
            "Components": [
                {
                    "Type": "Transform",
                    "matrix": [
                        0.9656780362129211,
                        0.0,
                        -0.25964224338531494,
                        0.0,
                        0.0,
                        1.0,
                        0.0,
                        0.0,
                        0.25964224338531494,
                        0.0,
                        0.9656780362129211,
                        0.0,
                        7.699999809265137,
                        0.41999998688697815,
                        -8.75,
                        1.0
                    ]
                }
            ],
            "ID": 32,
            "Name": "Default Object"
        },
        {
            "Components": [
                {
                    "Type": "Transform",
                    "matrix": [
                        0.9656780362129211,
                        0.0,
                        -0.25964224338531494,
                        0.0,
                        0.0,
                        1.0,
                        0.0,
                        0.0,
                        0.25964224338531494,
                        0.0,
                        0.9656780362129211,
                        0.0,
                        7.400000095367432,
                        0.7400000095367432,
                        -9.75,
                        1.0
                    ]
                }
            ],
            "ID": 33,
            "Name": "Default Object"
        },
        {
            "Components": [
                {
                    "Type": "Transform",
                    "matrix": [
                        0.9656780362129211,
                        0.0,
                        -0.25964224338531494,
                        0.0,
                        0.0,
                        1.0,
                        0.0,
                        0.0,
                        0.25964224338531494,
                        0.0,
                        0.9656780362129211,
                        0.0,
                        7.099999904632568,
                        1.059999942779541,
                        -10.75,
                        1.0
                    ]
                }
            ],
            "ID": 34,
            "Name": "Default Object"
        },
        {
            "Components": [
                {
                    "Type": "Transform",
                    "matrix": [
                        0.9656780362129211,
                        0.0,
                        -0.25964224338531494,
                        0.0,
                        0.0,
                        1.0,
                        0.0,
                        0.0,
                        0.25964224338531494,
                        0.0,
                        0.9656780362129211,
                        0.0,
                        6.800000190734863,
                        1.3799999952316284,
                        -11.75,
                        1.0
                    ]
                }
            ],
            "ID": 35,
            "Name": "Default Object"
        },
        {
            "Components": [
                {
                    "Type": "Transform",
                    "matrix": [
                        0.9656780362129211,
                        0.0,
                        -0.25964224338531494,
                        0.0,
                        0.0,
                        1.0,
                        0.0,
                        0.0,
                        0.25964224338531494,
                        0.0,
                        0.9656780362129211,
                        0.0,
                        6.5,
                        1.7000000476837158,
                        -12.75,
                        1.0
                    ]
                }
            ],
            "ID": 36,
            "Name": "Default Object"
        },
        {
            "Components": [
                {
                    "Type": "Transform",
                    "matrix": [
                        0.9656780362129211,
                        0.0,
                        -0.25964224338531494,
                        0.0,
                        0.0,
                        1.0,
                        0.0,
                        0.0,
                        0.25964224338531494,
                        0.0,
                        0.9656780362129211,
                        0.0,
                        6.199999809265137,
                        2.0199999809265137,
                        -13.75,
                        1.0
                    ]
                }
            ],
            "ID": 37,
            "Name": "Default Object"
        },
        {
            "Components": [
                {
                    "Type": "Transform",
                    "matrix": [
                        0.9656780362129211,
                        0.0,
                        -0.25964224338531494,
                        0.0,
                        0.0,
                        1.0,
                        0.0,
                        0.0,
                        0.25964224338531494,
                        0.0,
                        0.9656780362129211,
                        0.0,
                        5.900000095367432,
                        2.3399999141693115,
                        -14.75,
                        1.0
                    ]
                }
            ],
            "ID": 38,
            "Name": "Default Object"
        },
        {
            "Components": [
                {
                    "Type": "Transform",
                    "matrix": [
                        0.9656780362129211,
                        0.0,
                        -0.25964224338531494,
                        0.0,
                        0.0,
                        1.0,
                        0.0,
                        0.0,
                        0.25964224338531494,
                        0.0,
                        0.9656780362129211,
                        0.0,
                        5.925000190734863,
                        2.6599998474121094,
                        -15.75,
                        1.0
                    ]
                }
            ],
            "ID": 39,
            "Name": "Default Object"
        },
        {
            "Components": [
                {
                    "Type": "Transform",
                    "matrix": [
                        0.9656780362129211,
                        0.0,
                        -0.25964224338531494,
                        0.0,
                        0.0,
                        1.0,
                        0.0,
                        0.0,
                        0.25964224338531494,
                        0.0,
                        0.9656780362129211,
                        0.0,
                        5.949999809265137,
                        2.9800000190734863,
                        -16.75,
                        1.0
                    ]
                }
            ],
            "ID": 40,
            "Name": "Default Object"
        },
        {
            "Components": [
                {
                    "Type": "Transform",
                    "matrix": [
                        0.9656780362129211,
                        0.0,
                        -0.25964224338531494,
                        0.0,
                        0.0,
                        1.0,
                        0.0,
                        0.0,
                        0.25964224338531494,
                        0.0,
                        0.9656780362129211,
                        0.0,
                        5.974999904632568,
                        3.299999952316284,
                        -17.75,
                        1.0
                    ]
                }
            ],
            "ID": 41,
            "Name": "Default Object"
        },
        {
            "Components": [
                {
                    "Type": "Transform",
                    "matrix": [
                        0.9656780362129211,
                        0.0,
                        -0.25964224338531494,
                        0.0,
                        0.0,
                        1.0,
                        0.0,
                        0.0,
                        0.25964224338531494,
                        0.0,
                        0.9656780362129211,
                        0.0,
                        6.0,
                        3.619999885559082,
                        -18.75,
                        1.0
                    ]
                }
            ],
            "ID": 42,
            "Name": "Default Object"
        },
        {
            "Components": [
                {
                    "Type": "Transform",
                    "matrix": [
                        0.9656780362129211,
                        0.0,
                        -0.25964224338531494,
                        0.0,
                        0.0,
                        1.0,
                        0.0,
                        0.0,
                        0.25964224338531494,
                        0.0,
                        0.9656780362129211,
                        0.0,
                        6.025000095367432,
                        3.93999981880188,
                        -19.75,
                        1.0
                    ]
                }
            ],
            "ID": 43,
            "Name": "Default Object"
        },
        {
            "Components": [
                {
                    "Type": "Transform",
                    "matrix": [
                        0.9656780362129211,
                        0.0,
                        -0.25964224338531494,
                        0.0,
                        0.0,
                        1.0,
                        0.0,
                        0.0,
                        0.25964224338531494,
                        0.0,
                        0.9656780362129211,
                        0.0,
                        5.050000190734863,
                        4.259999752044678,
                        -20.75,
                        1.0
                    ]
                }
            ],
            "ID": 44,
            "Name": "Default Object"
        },
        {
            "Components": [
                {
                    "Type": "Transform",
                    "matrix": [
                        0.9656780362129211,
                        0.0,
                        0.25964224338531494,
                        0.0,
                        0.0,
                        1.0,
                        0.0,
                        0.0,
                        -0.25964224338531494,
                        0.0,
                        0.9656780362129211,
                        0.0,
                        18.25,
                        0.10000000149011612,
                        -7.75,
                        1.0
                    ]
                }
            ],
            "ID": 45,
            "Name": "Default Object"
        },
        {
            "Components": [
                {
                    "Type": "Transform",
                    "matrix": [
                        0.9656780362129211,
                        0.0,
                        0.25964224338531494,
                        0.0,
                        0.0,
                        1.0,
                        0.0,
                        0.0,
                        -0.25964224338531494,
                        0.0,
                        0.9656780362129211,
                        0.0,
                        18.549999237060547,
                        0.41999998688697815,
                        -8.75,
                        1.0
                    ]
                }
            ],
            "ID": 46,
            "Name": "Default Object"
        },
        {
            "Components": [
                {
                    "Type": "Transform",
                    "matrix": [
                        0.9656780362129211,
                        0.0,
                        0.25964224338531494,
                        0.0,
                        0.0,
                        1.0,
                        0.0,
                        0.0,
                        -0.25964224338531494,
                        0.0,
                        0.9656780362129211,
                        0.0,
                        18.850000381469727,
                        0.7400000095367432,
                        -9.75,
                        1.0
                    ]
                }
            ],
            "ID": 47,
            "Name": "Default Object"
        },
        {
            "Components": [
                {
                    "Type": "Transform",
                    "matrix": [
                        0.9656780362129211,
                        0.0,
                        0.25964224338531494,
                        0.0,
                        0.0,
                        1.0,
                        0.0,
                        0.0,
                        -0.25964224338531494,
                        0.0,
                        0.9656780362129211,
                        0.0,
                        19.149999618530273,
                        1.059999942779541,
                        -10.75,
                        1.0
                    ]
                }
            ],
            "ID": 48,
            "Name": "Default Object"
        },
        {
            "Components": [
                {
                    "Type": "Transform",
                    "matrix": [
                        0.9656780362129211,
                        0.0,
                        0.25964224338531494,
                        0.0,
                        0.0,
                        1.0,
                        0.0,
                        0.0,
                        -0.25964224338531494,
                        0.0,
                        0.9656780362129211,
                        0.0,
                        19.450000762939453,
                        1.3799999952316284,
                        -11.75,
                        1.0
                    ]
                }
            ],
            "ID": 49,
            "Name": "Default Object"
        },
        {
            "Components": [
                {
                    "Type": "Transform",
                    "matrix": [
                        0.9656780362129211,
                        0.0,
